-0.503453 1 -0.0655345 -0.503453 2 -0.0655345
-0.358593 -1 0.357729 -0.358593 -2 0.357729
0.232996 0.0388327 -1 0.232996 0.0388327 -2
1 -0.893077 0.930856 2 -0.893077 0.930856
-0.342299 -0.357695 1 -0.342299 -0.357695 2
0.866316 -1 0.0313436 0.866316 -2 0.0313436
-1 0.0388263 0.177953 -2 0.0388263 0.177953
-0.0538576 1 -0.81607 -0.0538576 2 -0.81607
-1 -0.168001 -0.402381 -2 -0.168001 -0.402381
0.475094 -1 0.380165 0.475094 -2 0.380165
0.265277 0.343532 1 0.265277 0.343532 2
1 0.982075 -0.287248 2 0.982075 -0.287248
-0.506712 0.445321 1 -0.506712 0.445321 2
0.263269 -1 0.0326837 0.263269 -2 0.0326837
0.0445365 0.53299 1 0.0445365 0.53299 2
0.28147 1 -0.666986 0.28147 2 -0.666986
-0.818416 -1 -0.939545 -0.818416 -2 -0.939545
-1 -0.67065 -0.0325839 -2 -0.67065 -0.0325839
0.467711 0.286245 1 0.467711 0.286245 2
-0.00141419 -0.769698 1 -0.00141419 -0.769698 2
-0.0594948 1 -0.0711084 -0.0594948 2 -0.0711084
1 -0.540409 0.523029 2 -0.540409 0.523029
-0.408646 0.968265 -1 -0.408646 0.968265 -2
0.472449 -0.450824 -1 0.472449 -0.450824 -2
1 0.53361 -0.0790334 2 0.53361 -0.0790334
-1 0.182227 -0.691963 -2 0.182227 -0.691963
-0.369424 0.461365 -1 -0.369424 0.461365 -2
0.425575 -1 0.0689198 0.425575 -2 0.0689198
-0.604811 -1 -0.670919 -0.604811 -2 -0.670919
0.910722 0.407307 1 0.910722 0.407307 2
-1 -0.0662222 0.249699 -2 -0.0662222 0.249699
-0.42942 -0.739145 -1 -0.42942 -0.739145 -2
-0.171413 -1 0.994001 -0.171413 -2 0.994001
-1 0.875795 0.520178 -2 0.875795 0.520178
-0.304117 -1 0.773981 -0.304117 -2 0.773981
0.228371 -1 -0.54708 0.228371 -2 -0.54708
-1 0.174373 -0.691151 -2 0.174373 -0.691151
-0.408595 -0.112292 -1 -0.408595 -0.112292 -2
0.129797 0.71636 1 0.129797 0.71636 2
-0.92219 -0.0719389 1 -0.92219 -0.0719389 2
-0.897038 1 0.361501 -0.897038 2 0.361501
-0.606146 0.243268 1 -0.606146 0.243268 2
-1 0.221372 -0.593499 -2 0.221372 -0.593499
1 -0.715958 0.147005 2 -0.715958 0.147005
-0.737623 -0.771297 -1 -0.737623 -0.771297 -2
0.857873 -0.269322 -1 0.857873 -0.269322 -2
0.0893854 -1 0.566306 0.0893854 -2 0.566306
1 0.617889 0.481238 2 0.617889 0.481238
0.359185 1 -0.817844 0.359185 2 -0.817844
-0.954436 0.0574753 -1 -0.954436 0.0574753 -2
-1 -0.563823 0.511687 -2 -0.563823 0.511687
-0.121339 -0.649395 -1 -0.121339 -0.649395 -2
0.883121 1 0.974291 0.883121 2 0.974291
0.0748515 -1 -0.896279 0.0748515 -2 -0.896279
1 0.153433 -0.0934353 2 0.153433 -0.0934353
-0.431285 -1 0.738527 -0.431285 -2 0.738527
-1 -0.483432 -0.961815 -2 -0.483432 -0.961815
-1 -0.0570332 0.0733545 -2 -0.0570332 0.0733545
1 0.335358 -0.300544 2 0.335358 -0.300544
0.511803 1 0.731765 0.511803 2 0.731765
-0.12058 -0.0993051 -1 -0.12058 -0.0993051 -2
0.368535 0.0293189 -1 0.368535 0.0293189 -2
-0.0649364 -1 -0.451637 -0.0649364 -2 -0.451637
-1 -0.694558 0.998233 -2 -0.694558 0.998233
0.997052 0.99881 -1 0.997052 0.99881 -2
0.361645 1 -0.164553 0.361645 2 -0.164553
-0.589476 1 -0.67284 -0.589476 2 -0.67284
0.810902 1 -0.836525 0.810902 2 -0.836525
0.572296 1 -0.572906 0.572296 2 -0.572906
1 -0.89509 0.904319 2 -0.89509 0.904319
1 -0.43193 -0.384338 2 -0.43193 -0.384338
-1 0.15508 -0.435688 -2 0.15508 -0.435688
-0.966472 -1 -0.616352 -0.966472 -2 -0.616352
-0.0691973 0.72709 -1 -0.0691973 0.72709 -2
1 -0.656709 -0.972172 2 -0.656709 -0.972172
-0.796725 0.532802 1 -0.796725 0.532802 2
0.392015 -0.0184458 1 0.392015 -0.0184458 2
-0.26686 0.339041 1 -0.26686 0.339041 2
0.545985 -0.0915712 1 0.545985 -0.0915712 2
-1 -0.422612 0.525141 -2 -0.422612 0.525141
1 -0.405979 -0.340667 2 -0.405979 -0.340667
-0.720451 -1 -0.0293496 -0.720451 -2 -0.0293496
-0.889992 1 0.477993 -0.889992 2 0.477993
0.176238 0.378522 1 0.176238 0.378522 2
0.482314 -0.259547 -1 0.482314 -0.259547 -2
0.0482076 -0.727455 1 0.0482076 -0.727455 2
0.260516 1 -0.492155 0.260516 2 -0.492155
-0.514911 0.0278727 -1 -0.514911 0.0278727 -2
-1 -0.198279 -0.0786053 -2 -0.198279 -0.0786053
-0.322711 -1 0.0342906 -0.322711 -2 0.0342906
-0.726207 1 0.973005 -0.726207 2 0.973005
-0.870964 1 0.0834203 -0.870964 2 0.0834203
0.451581 -0.834377 1 0.451581 -0.834377 2
-0.940173 -0.466773 1 -0.940173 -0.466773 2
0.388047 -0.700449 1 0.388047 -0.700449 2
-1 -0.735398 0.678502 -2 -0.735398 0.678502
1 -0.50342 0.164842 2 -0.50342 0.164842
-0.933251 1 -0.440977 -0.933251 2 -0.440977
0.00861785 -0.840166 -1 0.00861785 -0.840166 -2
1 0.565984 0.0593423 2 0.565984 0.0593423
-0.793469 1 0.169574 -0.793469 2 0.169574
-0.211115 0.220537 -1 -0.211115 0.220537 -2
1 -0.41864 0.318107 2 -0.41864 0.318107
-0.624316 1 0.631864 -0.624316 2 0.631864
0.981305 1 -0.792405 0.981305 2 -0.792405
0.448072 0.55863 -1 0.448072 0.55863 -2
-0.958428 0.447527 -1 -0.958428 0.447527 -2
1 0.0856762 -0.954301 2 0.0856762 -0.954301
-0.760751 -0.428115 -1 -0.760751 -0.428115 -2
0.362329 -1 -0.975321 0.362329 -2 -0.975321
-0.0881011 -0.0847863 -1 -0.0881011 -0.0847863 -2
0.244899 1 -0.0206966 0.244899 2 -0.0206966
-0.568802 0.358664 -1 -0.568802 0.358664 -2
0.946711 -1 -0.676737 0.946711 -2 -0.676737
-0.215223 -1 -0.467089 -0.215223 -2 -0.467089
-1 -0.28615 -0.676203 -2 -0.28615 -0.676203
0.496945 -1 -0.351727 0.496945 -2 -0.351727
-0.989593 1 -0.510828 -0.989593 2 -0.510828
-0.858247 0.47276 -1 -0.858247 0.47276 -2
0.772649 -1 -0.321301 0.772649 -2 -0.321301
-0.937465 1 0.198719 -0.937465 2 0.198719
-0.576967 -0.24938 -1 -0.576967 -0.24938 -2
0.940729 -0.839294 -1 0.940729 -0.839294 -2
0.499689 -1 0.868061 0.499689 -2 0.868061
-0.501586 1 -8.9338e-05 -0.501586 2 -8.9338e-05
1 -0.927265 -0.51354 2 -0.927265 -0.51354
1 -0.305244 0.125204 2 -0.305244 0.125204
-1 0.0830146 0.550398 -2 0.0830146 0.550398
-0.807724 -0.488208 -1 -0.807724 -0.488208 -2
-0.75011 -0.898314 -1 -0.75011 -0.898314 -2
1 -0.82805 -0.863939 2 -0.82805 -0.863939
0.006836 -1 -0.100553 0.006836 -2 -0.100553
1 -0.869287 -0.543888 2 -0.869287 -0.543888
-0.341888 0.0645173 1 -0.341888 0.0645173 2
-1 0.589317 -0.657241 -2 0.589317 -0.657241
1 0.490085 0.929702 2 0.490085 0.929702
-0.372842 -0.0526757 -1 -0.372842 -0.0526757 -2
1 0.262876 0.683152 2 0.262876 0.683152
-1 -0.419355 0.427093 -2 -0.419355 0.427093
0.673196 0.0727779 1 0.673196 0.0727779 2
-0.935372 -0.211205 -1 -0.935372 -0.211205 -2
0.196616 -0.284265 1 0.196616 -0.284265 2
1 -0.420467 0.0552401 2 -0.420467 0.0552401
-0.0548782 0.604037 1 -0.0548782 0.604037 2
-0.91063 0.512499 -1 -0.91063 0.512499 -2
-0.0815366 0.837989 -1 -0.0815366 0.837989 -2
1 -0.993542 0.0173138 2 -0.993542 0.0173138
1 -0.626351 0.149618 2 -0.626351 0.149618
0.591711 1 -0.892089 0.591711 2 -0.892089
0.177409 1 0.872393 0.177409 2 0.872393
-1 0.651673 -0.668677 -2 0.651673 -0.668677
-0.132305 0.604169 -1 -0.132305 0.604169 -2
1 0.69337 -0.84076 2 0.69337 -0.84076
0.558969 -1 0.8583 0.558969 -2 0.8583
-0.187695 1 0.399382 -0.187695 2 0.399382
0.243268 -1 0.423143 0.243268 -2 0.423143
-0.061003 0.127808 1 -0.061003 0.127808 2
-1 0.110962 -0.931514 -2 0.110962 -0.931514
-0.183176 0.506348 1 -0.183176 0.506348 2
-1 -0.537213 0.535844 -2 -0.537213 0.535844
-0.933819 -1 0.974649 -0.933819 -2 0.974649
1 0.37679 0.0800088 2 0.37679 0.0800088
-0.200021 -0.0638505 -1 -0.200021 -0.0638505 -2
1 -0.145613 0.0830693 2 -0.145613 0.0830693
1 -0.689172 -0.642667 2 -0.689172 -0.642667
-0.806923 -1 0.779961 -0.806923 -2 0.779961
1 -0.713752 0.122967 2 -0.713752 0.122967
-1 -0.12873 0.47435 -2 -0.12873 0.47435
0.308257 0.341982 1 0.308257 0.341982 2
-1 0.842235 0.556687 -2 0.842235 0.556687
1 -0.947321 0.665374 2 -0.947321 0.665374
1 -0.845351 -0.427391 2 -0.845351 -0.427391
1 0.859396 -0.279712 2 0.859396 -0.279712
1 0.838472 0.0417475 2 0.838472 0.0417475
1 -0.677161 0.018366 2 -0.677161 0.018366
1 0.0628546 0.453498 2 0.0628546 0.453498
-1 -0.292338 0.805135 -2 -0.292338 0.805135
-0.866584 -0.00974932 -1 -0.866584 -0.00974932 -2
0.00454946 -1 0.697566 0.00454946 -2 0.697566
0.896767 1 0.0441269 0.896767 2 0.0441269
1 -0.785639 0.509715 2 -0.785639 0.509715
-0.222221 0.194337 1 -0.222221 0.194337 2
-1 -0.026297 -0.0266377 -2 -0.026297 -0.0266377
0.184925 -1 -0.788775 0.184925 -2 -0.788775
-1 -0.621691 -0.0683973 -2 -0.621691 -0.0683973
-0.532282 0.406739 -1 -0.532282 0.406739 -2
-0.194952 -0.173012 1 -0.194952 -0.173012 2
0.362982 0.00533689 1 0.362982 0.00533689 2
-1 -0.712632 -0.799042 -2 -0.712632 -0.799042
0.871872 0.990369 1 0.871872 0.990369 2
-0.537281 -0.442143 -1 -0.537281 -0.442143 -2
-0.167049 1 -0.404943 -0.167049 2 -0.404943
-0.53235 -0.800269 -1 -0.53235 -0.800269 -2
-0.405872 -0.515242 -1 -0.405872 -0.515242 -2
0.146366 0.888788 1 0.146366 0.888788 2
-0.948696 -0.771051 1 -0.948696 -0.771051 2
-0.655386 -0.26521 -1 -0.655386 -0.26521 -2
0.586051 0.884554 -1 0.586051 0.884554 -2
-1 0.767409 0.151733 -2 0.767409 0.151733
0.383345 1 -0.879715 0.383345 2 -0.879715
-0.802436 -1 0.838984 -0.802436 -2 0.838984
-0.144884 1 -0.937192 -0.144884 2 -0.937192
0.445604 0.723244 1 0.445604 0.723244 2
-0.221656 -1 -0.597865 -0.221656 -2 -0.597865
0.159924 -0.999801 1 0.159924 -0.999801 2
0.323831 -1 -0.0552666 0.323831 -2 -0.0552666
-0.758324 -1 -0.904062 -0.758324 -2 -0.904062
0.281241 0.101535 1 0.281241 0.101535 2
0.807143 -1 -0.542243 0.807143 -2 -0.542243
0.756384 1 -0.53872 0.756384 2 -0.53872
0.0270586 0.756826 1 0.0270586 0.756826 2
-0.859605 -0.234761 -1 -0.859605 -0.234761 -2
-0.241886 0.713396 -1 -0.241886 0.713396 -2
1 -0.951762 -0.218067 2 -0.951762 -0.218067
0.2752 -1 0.817381 0.2752 -2 0.817381
0.142253 -0.00476851 1 0.142253 -0.00476851 2
0.0985304 1 -0.000685339 0.0985304 2 -0.000685339
0.399757 -1 0.107365 0.399757 -2 0.107365
-1 -0.238693 0.944952 -2 -0.238693 0.944952
-0.936892 1 0.666948 -0.936892 2 0.666948
1 0.151358 0.321762 2 0.151358 0.321762
1 0.134245 -0.60216 2 0.134245 -0.60216
-1 0.141054 -0.702425 -2 0.141054 -0.702425
1 0.19452 0.396133 2 0.19452 0.396133
1 0.251501 0.586764 2 0.251501 0.586764
1 -0.29299 0.278116 2 -0.29299 0.278116
0.245272 -1 -0.470072 0.245272 -2 -0.470072
-0.710205 -1 -0.387177 -0.710205 -2 -0.387177
-0.661872 1 0.70873 -0.661872 2 0.70873
1 0.841659 0.988824 2 0.841659 0.988824
0.311089 -0.217178 1 0.311089 -0.217178 2
0.269239 -1 0.751219 0.269239 -2 0.751219
-0.0653789 0.246367 -1 -0.0653789 0.246367 -2
-1 -0.612823 0.976939 -2 -0.612823 0.976939
1 0.16888 -0.472343 2 0.16888 -0.472343
0.684088 -1 -0.852122 0.684088 -2 -0.852122
0.899914 1 -0.852299 0.899914 2 -0.852299
-1 -0.491847 0.663048 -2 -0.491847 0.663048
-0.0774429 1 0.637608 -0.0774429 2 0.637608
1 0.261919 -0.664198 2 0.261919 -0.664198
-0.899037 -1 0.188427 -0.899037 -2 0.188427
-0.728343 -1 0.496622 -0.728343 -2 0.496622
0.330616 -1 -0.00262811 0.330616 -2 -0.00262811
0.962168 0.964065 1 0.962168 0.964065 2
-0.0184088 1 0.935446 -0.0184088 2 0.935446
0.180917 -1 -0.144919 0.180917 -2 -0.144919
-0.25305 0.460896 -1 -0.25305 0.460896 -2
-0.328295 1 -0.353142 -0.328295 2 -0.353142
0.835935 1 0.446665 0.835935 2 0.446665
-0.672751 -0.167985 1 -0.672751 -0.167985 2
1 0.0523634 -0.875724 2 0.0523634 -0.875724
-1 -0.812243 -0.325786 -2 -0.812243 -0.325786
0.747933 -0.506053 -1 0.747933 -0.506053 -2
-0.99791 0.674084 -1 -0.99791 0.674084 -2
0.677357 -1 0.0206537 0.677357 -2 0.0206537
-1 -0.334696 -0.768787 -2 -0.334696 -0.768787
0.257506 -1 -0.833399 0.257506 -2 -0.833399
-0.58705 -0.297215 -1 -0.58705 -0.297215 -2
-0.15286 1 -0.88008 -0.15286 2 -0.88008
0.114753 -0.238087 1 0.114753 -0.238087 2
-0.188318 0.984839 1 -0.188318 0.984839 2
-0.886897 1 -0.0255763 -0.886897 2 -0.0255763
-0.783505 -0.377188 -1 -0.783505 -0.377188 -2
1 0.89424 -0.61716 2 0.89424 -0.61716
-1 -0.745825 -0.922872 -2 -0.745825 -0.922872
-0.578965 0.985984 -1 -0.578965 0.985984 -2
-1 0.282748 -0.1468 -2 0.282748 -0.1468
0.649254 -0.00370749 -1 0.649254 -0.00370749 -2
1 -0.763205 -0.0529087 2 -0.763205 -0.0529087
0.444828 -0.328587 1 0.444828 -0.328587 2
1 -0.753111 0.513997 2 -0.753111 0.513997
-1 -0.597567 -0.697391 -2 -0.597567 -0.697391
1 0.624042 -0.0978926 2 0.624042 -0.0978926
0.332728 -1 -0.505333 0.332728 -2 -0.505333
0.415819 1 -0.661781 0.415819 2 -0.661781
-0.19047 -0.773021 -1 -0.19047 -0.773021 -2
-0.399278 -1 -0.125519 -0.399278 -2 -0.125519
-1 -0.737425 0.698136 -2 -0.737425 0.698136
-0.853633 -0.0670641 1 -0.853633 -0.0670641 2
0.755558 1 -0.670801 0.755558 2 -0.670801
0.572864 -1 -0.294992 0.572864 -2 -0.294992
0.787914 0.25534 1 0.787914 0.25534 2
-0.572168 -1 0.484951 -0.572168 -2 0.484951
-0.583753 -1 -0.726698 -0.583753 -2 -0.726698
-0.151705 -0.287332 -1 -0.151705 -0.287332 -2
0.771787 -1 -0.810494 0.771787 -2 -0.810494
-0.770941 -1 -0.495938 -0.770941 -2 -0.495938
-0.235174 0.308219 1 -0.235174 0.308219 2
1 0.828736 0.96443 2 0.828736 0.96443
0.459967 0.123069 1 0.459967 0.123069 2
-0.31315 1 -0.884139 -0.31315 2 -0.884139
-0.305093 0.83869 -1 -0.305093 0.83869 -2
-0.013409 -0.634634 -1 -0.013409 -0.634634 -2
-0.301686 -1 0.295371 -0.301686 -2 0.295371
1 -0.48916 0.252305 2 -0.48916 0.252305
-1 0.496089 0.224115 -2 0.496089 0.224115
-0.216889 -0.748156 -1 -0.216889 -0.748156 -2
-1 0.224213 0.476275 -2 0.224213 0.476275
1 -0.0821725 0.8581 2 -0.0821725 0.8581
-0.762928 0.604964 -1 -0.762928 0.604964 -2
0.694875 -1 0.454521 0.694875 -2 0.454521
-1 0.788435 0.908959 -2 0.788435 0.908959
0.545023 -1 0.602336 0.545023 -2 0.602336
-0.310413 -0.892546 -1 -0.310413 -0.892546 -2
0.172841 1 -0.936323 0.172841 2 -0.936323
0.734238 0.0763974 1 0.734238 0.0763974 2
1 -0.179416 0.433878 2 -0.179416 0.433878
0.996853 -1 0.101225 0.996853 -2 0.101225
0.0269979 -1 0.955077 0.0269979 -2 0.955077
-1 -0.193319 0.587744 -2 -0.193319 0.587744
0.307746 -0.28878 -1 0.307746 -0.28878 -2
1 0.584501 0.974083 2 0.584501 0.974083
0.00475162 1 0.246133 0.00475162 2 0.246133
-1 0.1716 -0.0852006 -2 0.1716 -0.0852006
0.111625 1 0.836811 0.111625 2 0.836811
-1 0.683336 -0.826004 -2 0.683336 -0.826004
-1 0.222305 0.62656 -2 0.222305 0.62656
0.28419 1 -0.387852 0.28419 2 -0.387852
0.612733 -0.196891 -1 0.612733 -0.196891 -2
0.243111 1 0.035191 0.243111 2 0.035191
-1 -0.754317 0.971695 -2 -0.754317 0.971695
-0.376587 0.44197 -1 -0.376587 0.44197 -2
0.392135 1 -0.614707 0.392135 2 -0.614707
0.182747 -1 0.435522 0.182747 -2 0.435522
-0.265877 0.154118 1 -0.265877 0.154118 2
-0.307137 -0.25559 1 -0.307137 -0.25559 2
-1 -0.696338 -0.0592394 -2 -0.696338 -0.0592394
-1 -0.572111 0.201715 -2 -0.572111 0.201715
-1 -0.555178 -0.086242 -2 -0.555178 -0.086242
-0.998184 -1 1 -0.998184 -2 1
-0.593169 -0.601999 -1 -0.593169 -0.601999 -2
0.496614 0.0933805 1 0.496614 0.0933805 2
-0.21604 -1 0.495402 -0.21604 -2 0.495402
-0.402898 -0.109555 -1 -0.402898 -0.109555 -2
-0.635855 1 0.507399 -0.635855 2 0.507399
-0.828015 0.861267 -1 -0.828015 0.861267 -2
0.709199 -1 -0.77895 0.709199 -2 -0.77895
0.170055 -0.71904 1 0.170055 -0.71904 2
-0.227852 -1 0.84966 -0.227852 -2 0.84966
-0.241428 1 -0.313021 -0.241428 2 -0.313021
1 0.152309 0.221446 2 0.152309 0.221446
0.252054 -0.268712 -1 0.252054 -0.268712 -2
-0.997438 1 0.166231 -0.997438 2 0.166231
-0.127967 -1 0.37033 -0.127967 -2 0.37033
0.949076 -1 -0.930441 0.949076 -2 -0.930441
-1 0.0833877 0.984358 -2 0.0833877 0.984358
-0.881306 -1 0.0500316 -0.881306 -2 0.0500316
-0.403956 -0.120978 -1 -0.403956 -0.120978 -2
1 0.751431 -0.941219 2 0.751431 -0.941219
1 -0.946386 0.312545 2 -0.946386 0.312545
1 0.72163 0.154964 2 0.72163 0.154964
-0.704416 1 -0.874228 -0.704416 2 -0.874228
0.0666648 -1 -0.497798 0.0666648 -2 -0.497798
0.732278 -1 -0.870461 0.732278 -2 -0.870461
0.628449 1 -0.345478 0.628449 2 -0.345478
0.372027 -1 0.035062 0.372027 -2 0.035062
-1 0.668471 -0.992363 -2 0.668471 -0.992363
0.336547 0.603895 1 0.336547 0.603895 2
0.35319 1 -0.0660652 0.35319 2 -0.0660652
-1 0.740875 0.109758 -2 0.740875 0.109758
0.648663 0.883963 -1 0.648663 0.883963 -2
0.659307 -1 0.627158 0.659307 -2 0.627158
1 0.122266 0.277615 2 0.122266 0.277615
0.952278 1 -0.93992 0.952278 2 -0.93992
1 0.826447 -0.0787505 2 0.826447 -0.0787505
0.502055 1 0.628838 0.502055 2 0.628838
-0.54982 -0.0564939 -1 -0.54982 -0.0564939 -2
-1 -0.0259273 -0.239147 -2 -0.0259273 -0.239147
0.387665 0.990444 -1 0.387665 0.990444 -2
-0.812223 1 0.687065 -0.812223 2 0.687065
1 -0.154078 -0.73712 2 -0.154078 -0.73712
1 -0.816933 -0.0511205 2 -0.816933 -0.0511205
0.470422 1 -0.384282 0.470422 2 -0.384282
1 -0.290692 0.241345 2 -0.290692 0.241345
0.63129 -0.0896016 -1 0.63129 -0.0896016 -2
1 0.181885 0.851539 2 0.181885 0.851539
-0.970862 -1 0.130123 -0.970862 -2 0.130123
0.381763 -0.291347 -1 0.381763 -0.291347 -2
-0.282752 -0.240835 1 -0.282752 -0.240835 2
0.329794 -0.843572 -1 0.329794 -0.843572 -2
1 -0.494563 0.424257 2 -0.494563 0.424257
1 -0.996671 0.348843 2 -0.996671 0.348843
-1 -0.363247 -0.911031 -2 -0.363247 -0.911031
0.970978 0.767116 -1 0.970978 0.767116 -2
-1 0.570562 0.559219 -2 0.570562 0.559219
-0.513978 -1 0.124979 -0.513978 -2 0.124979
-1 0.764604 -0.703299 -2 0.764604 -0.703299
1 0.515666 0.319659 2 0.515666 0.319659
-0.5321 1 -0.99658 -0.5321 2 -0.99658
-0.400994 -0.90995 1 -0.400994 -0.90995 2
-0.142781 -0.28333 -1 -0.142781 -0.28333 -2
-0.636239 -0.909518 1 -0.636239 -0.909518 2
-0.621596 1 0.796072 -0.621596 2 0.796072
0.0880979 -0.661338 -1 0.0880979 -0.661338 -2
0.481006 0.950588 -1 0.481006 0.950588 -2
-0.0368746 1 -0.249126 -0.0368746 2 -0.249126
-0.651037 0.542858 -1 -0.651037 0.542858 -2
0.830454 1 0.553968 0.830454 2 0.553968
-1 -0.871001 0.896129 -2 -0.871001 0.896129
-0.000453702 0.460165 1 -0.000453702 0.460165 2
1 0.889295 0.26871 2 0.889295 0.26871
1 0.630664 -0.803681 2 0.630664 -0.803681
-0.795018 0.406366 -1 -0.795018 0.406366 -2
-0.516859 1 0.579872 -0.516859 2 0.579872
-1 -0.914929 0.613403 -2 -0.914929 0.613403
-1 -0.0442617 -0.0942337 -2 -0.0442617 -0.0942337
-1 -0.681942 0.956468 -2 -0.681942 0.956468
0.9394 1 -0.492568 0.9394 2 -0.492568
1 0.0935436 -0.719956 2 0.0935436 -0.719956
0.572361 0.322355 -1 0.572361 0.322355 -2
1 0.313702 -0.289224 2 0.313702 -0.289224
0.360971 0.556364 -1 0.360971 0.556364 -2
-1 0.892496 -0.180084 -2 0.892496 -0.180084
1 0.204013 0.976843 2 0.204013 0.976843
-0.236108 1 -0.0900307 -0.236108 2 -0.0900307
-0.744725 0.0371404 -1 -0.744725 0.0371404 -2
0.280215 1 0.882156 0.280215 2 0.882156
0.434475 -0.225234 -1 0.434475 -0.225234 -2
-0.108618 -1 -0.645789 -0.108618 -2 -0.645789
-0.67477 -0.29139 -1 -0.67477 -0.29139 -2
-0.296309 -0.171102 1 -0.296309 -0.171102 2
-0.24209 0.0601084 1 -0.24209 0.0601084 2
-0.567509 0.734371 1 -0.567509 0.734371 2
0.77191 0.987611 -1 0.77191 0.987611 -2
0.567595 0.603258 -1 0.567595 0.603258 -2
-1 -0.390331 -0.103843 -2 -0.390331 -0.103843
1 -0.834805 -0.459283 2 -0.834805 -0.459283
1 0.229562 -0.519681 2 0.229562 -0.519681
1 0.509146 0.713006 2 0.509146 0.713006
0.928393 -1 -0.570115 0.928393 -2 -0.570115
-1 0.437796 -0.0305809 -2 0.437796 -0.0305809
0.716953 0.175579 -1 0.716953 0.175579 -2
0.056294 1 0.91903 0.056294 2 0.91903
-0.61271 0.175321 1 -0.61271 0.175321 2
-0.0908705 -0.739802 -1 -0.0908705 -0.739802 -2
-0.362671 -0.585582 -1 -0.362671 -0.585582 -2
0.414255 -0.387877 -1 0.414255 -0.387877 -2
-1 -0.16741 -0.334263 -2 -0.16741 -0.334263
0.615479 -0.0212083 1 0.615479 -0.0212083 2
0.599195 1 -0.672127 0.599195 2 -0.672127
1 -0.743653 0.58611 2 -0.743653 0.58611
-0.505949 0.679985 1 -0.505949 0.679985 2
1 -0.216414 -0.480431 2 -0.216414 -0.480431
0.56042 -0.973458 -1 0.56042 -0.973458 -2
-0.0730614 0.554077 -1 -0.0730614 0.554077 -2
-0.669902 0.536788 -1 -0.669902 0.536788 -2
0.603198 -1 -0.441284 0.603198 -2 -0.441284
-0.691424 -0.101838 -1 -0.691424 -0.101838 -2
0.797278 -1 -0.344239 0.797278 -2 -0.344239
-0.316208 0.999922 -1 -0.316208 0.999922 -2
0.358085 -0.335247 -1 0.358085 -0.335247 -2
0.963977 -0.476639 1 0.963977 -0.476639 2
-1 0.70798 0.826375 -2 0.70798 0.826375
-1 0.562712 0.492677 -2 0.562712 0.492677
-1 0.408285 -0.0536193 -2 0.408285 -0.0536193
0.498691 0.783572 1 0.498691 0.783572 2
-0.884058 1 0.0637861 -0.884058 2 0.0637861
0.465674 0.795542 -1 0.465674 0.795542 -2
0.836871 -1 -0.865721 0.836871 -2 -0.865721
-1 0.542901 -0.541236 -2 0.542901 -0.541236
-0.890012 -0.162654 -1 -0.890012 -0.162654 -2
1 0.658984 -0.796745 2 0.658984 -0.796745
1 0.575414 0.760006 2 0.575414 0.760006
-0.467903 -0.150135 -1 -0.467903 -0.150135 -2
-0.139294 -0.891926 -1 -0.139294 -0.891926 -2
-0.849007 1 -0.506417 -0.849007 2 -0.506417
-1 -0.910859 0.812 -2 -0.910859 0.812
1 0.648464 0.386491 2 0.648464 0.386491
1 0.165085 0.996599 2 0.165085 0.996599
1 0.782191 0.0580759 2 0.782191 0.0580759
-1 -0.578661 -0.22582 -2 -0.578661 -0.22582
-0.532191 0.634131 -1 -0.532191 0.634131 -2
-0.747249 0.0829517 -1 -0.747249 0.0829517 -2
0.309898 1 0.335037 0.309898 2 0.335037
1 -0.739645 -0.250923 2 -0.739645 -0.250923
-1 0.343341 -0.526334 -2 0.343341 -0.526334
0.482341 0.190355 1 0.482341 0.190355 2
-1 -0.529357 -0.381933 -2 -0.529357 -0.381933
-0.898675 0.566522 -1 -0.898675 0.566522 -2
-0.0881257 0.430921 -1 -0.0881257 0.430921 -2
-0.719236 0.959084 -1 -0.719236 0.959084 -2
-0.458597 0.159604 1 -0.458597 0.159604 2
0.899016 -0.346612 1 0.899016 -0.346612 2
0.450469 0.780957 1 0.450469 0.780957 2
1 -0.795485 -0.0763494 2 -0.795485 -0.0763494
1 0.944399 0.459443 2 0.944399 0.459443
1 0.248463 -0.840818 2 0.248463 -0.840818
1 -0.525442 -0.621971 2 -0.525442 -0.621971
1 0.676961 -0.646135 2 0.676961 -0.646135
0.573425 1 0.442873 0.573425 2 0.442873
-1 0.536536 0.795784 -2 0.536536 0.795784
-0.0618612 0.108887 1 -0.0618612 0.108887 2
0.94398 -0.585366 1 0.94398 -0.585366 2
0.247721 0.60312 -1 0.247721 0.60312 -2
1 -0.92268 -0.204741 2 -0.92268 -0.204741
-0.332292 0.957203 -1 -0.332292 0.957203 -2
-0.621588 0.757757 -1 -0.621588 0.757757 -2
-0.610885 1 -0.424299 -0.610885 2 -0.424299
0.889193 1 -0.658662 0.889193 2 -0.658662
1 0.939242 -0.224992 2 0.939242 -0.224992
0.248422 0.863473 -1 0.248422 0.863473 -2
-1 0.509991 0.579933 -2 0.509991 0.579933
-0.449304 -1 -0.908116 -0.449304 -2 -0.908116
-0.291133 1 -0.934506 -0.291133 2 -0.934506
0.306818 -0.00204325 1 0.306818 -0.00204325 2
-0.377974 0.392835 1 -0.377974 0.392835 2
-1 -0.472263 -0.676405 -2 -0.472263 -0.676405
-0.118724 -1 -0.507736 -0.118724 -2 -0.507736
0.13412 1 -0.151305 0.13412 2 -0.151305
0.777651 1 0.021651 0.777651 2 0.021651
-0.739664 0.0899727 -1 -0.739664 0.0899727 -2
-0.0509127 1 -0.309622 -0.0509127 2 -0.309622
1 -0.515143 0.817904 2 -0.515143 0.817904
0.0735809 -1 -0.251485 0.0735809 -2 -0.251485
-0.656542 -1 -0.385515 -0.656542 -2 -0.385515
0.486859 -1 0.127043 0.486859 -2 0.127043
1 0.311101 -0.0188303 2 0.311101 -0.0188303
-0.881908 0.137138 1 -0.881908 0.137138 2
-0.582229 -0.0360218 1 -0.582229 -0.0360218 2
-0.26596 -1 -0.0266397 -0.26596 -2 -0.0266397
-0.542352 -0.168821 -1 -0.542352 -0.168821 -2
0.768105 -0.697669 1 0.768105 -0.697669 2
1 0.0215633 -0.564798 2 0.0215633 -0.564798
-1 0.361891 0.951295 -2 0.361891 0.951295
1 -0.26033 -0.629044 2 -0.26033 -0.629044
-0.225852 1 0.373678 -0.225852 2 0.373678
1 -0.641524 -0.601021 2 -0.641524 -0.601021
-1 -0.102326 0.953052 -2 -0.102326 0.953052
-0.733342 -0.0825639 -1 -0.733342 -0.0825639 -2
1 -0.285676 -0.64381 2 -0.285676 -0.64381
-1 -0.690027 -0.722625 -2 -0.690027 -0.722625
1 -0.955498 -0.640272 2 -0.955498 -0.640272
-1 -0.670248 -0.471899 -2 -0.670248 -0.471899
0.594765 0.975273 1 0.594765 0.975273 2
-0.651972 0.0943805 -1 -0.651972 0.0943805 -2
-0.358761 -1 -0.154081 -0.358761 -2 -0.154081
0.47126 -0.0546292 1 0.47126 -0.0546292 2
-1 -0.859187 0.508457 -2 -0.859187 0.508457
-0.0935806 0.138797 -1 -0.0935806 0.138797 -2
-1 -0.761651 -0.518072 -2 -0.761651 -0.518072
-0.20507 0.187339 -1 -0.20507 0.187339 -2
1 -0.595652 -0.721788 2 -0.595652 -0.721788
-1 -0.414268 0.923167 -2 -0.414268 0.923167
-1 0.0545417 -0.682291 -2 0.0545417 -0.682291
0.920501 -1 0.776538 0.920501 -2 0.776538
0.917387 -1 0.441671 0.917387 -2 0.441671
-0.991625 -0.302831 -1 -0.991625 -0.302831 -2
-0.954545 -0.994263 1 -0.954545 -0.994263 2
-0.857805 -1 -0.557574 -0.857805 -2 -0.557574
0.42302 -0.879459 1 0.42302 -0.879459 2
-1 -0.995691 -0.481318 -2 -0.995691 -0.481318
0.435654 -0.531793 1 0.435654 -0.531793 2
-0.77097 0.17414 1 -0.77097 0.17414 2
-1 0.986887 -0.616313 -2 0.986887 -0.616313
-0.635892 0.0201485 1 -0.635892 0.0201485 2
0.250095 0.61621 -1 0.250095 0.61621 -2
-0.44105 0.0101411 1 -0.44105 0.0101411 2
-0.754004 0.632452 -1 -0.754004 0.632452 -2
1 0.278962 -0.209084 2 0.278962 -0.209084
0.231707 -0.297808 -1 0.231707 -0.297808 -2
-0.521025 1 0.837487 -0.521025 2 0.837487
0.587664 -1 0.455519 0.587664 -2 0.455519
-1 -0.766777 0.618172 -2 -0.766777 0.618172
1 -0.881634 0.799719 2 -0.881634 0.799719
-1 -0.898475 0.133276 -2 -0.898475 0.133276
0.967824 0.192553 1 0.967824 0.192553 2
0.0540422 1 -0.286443 0.0540422 2 -0.286443
0.429622 1 -0.656638 0.429622 2 -0.656638
0.711739 -0.0830332 1 0.711739 -0.0830332 2
0.512203 -1 0.114853 0.512203 -2 0.114853
1 0.141858 0.343658 2 0.141858 0.343658
-0.781708 -1 -0.611484 -0.781708 -2 -0.611484
1 0.319391 0.35281 2 0.319391 0.35281
0.79701 0.648426 -1 0.79701 0.648426 -2
-1 -0.727067 0.182191 -2 -0.727067 0.182191
0.0355002 -1 -0.312889 0.0355002 -2 -0.312889
1 0.813125 0.00636604 2 0.813125 0.00636604
1 0.308219 0.960891 2 0.308219 0.960891
-0.65813 -1 -0.85723 -0.65813 -2 -0.85723
0.159466 1 0.570988 0.159466 2 0.570988
1 0.297895 0.0182206 2 0.297895 0.0182206
0.709309 1 0.951315 0.709309 2 0.951315
1 0.159152 0.822386 2 0.159152 0.822386
1 0.17927 0.169938 2 0.17927 0.169938
0.454944 1 -0.248259 0.454944 2 -0.248259
-1 0.586631 0.62087 -2 0.586631 0.62087
-1 0.910675 0.283344 -2 0.910675 0.283344
-1 -0.772746 -0.0705481 -2 -0.772746 -0.0705481
0.844925 1 -0.656827 0.844925 2 -0.656827
-1 -0.894842 0.913143 -2 -0.894842 0.913143
-1 -0.108171 0.132728 -2 -0.108171 0.132728
0.322356 1 0.156819 0.322356 2 0.156819
-0.913328 -0.0531838 -1 -0.913328 -0.0531838 -2
0.225348 0.534104 -1 0.225348 0.534104 -2
1 0.0288455 -0.165482 2 0.0288455 -0.165482
0.403978 0.569931 -1 0.403978 0.569931 -2
1 0.468169 -0.0227468 2 0.468169 -0.0227468
0.17351 -1 0.71612 0.17351 -2 0.71612
-0.606195 0.360923 -1 -0.606195 0.360923 -2
-1 -0.869595 -0.102681 -2 -0.869595 -0.102681
1 0.744445 -0.3748 2 0.744445 -0.3748
-1 -0.21512 -0.472033 -2 -0.21512 -0.472033
0.233409 1 -0.897647 0.233409 2 -0.897647
1 0.6704 -0.917551 2 0.6704 -0.917551
0.553623 0.68373 1 0.553623 0.68373 2
-0.12353 1 0.474945 -0.12353 2 0.474945
-0.0213776 -1 -0.314705 -0.0213776 -2 -0.314705
0.188076 0.812898 -1 0.188076 0.812898 -2
-0.654711 1 -0.328632 -0.654711 2 -0.328632
0.778535 -0.835302 -1 0.778535 -0.835302 -2
0.62846 -0.531761 -1 0.62846 -0.531761 -2
1 -0.26275 0.418413 2 -0.26275 0.418413
-1 -0.290208 0.33048 -2 -0.290208 0.33048
-1 0.544593 -0.973715 -2 0.544593 -0.973715
1 -0.429188 -0.797614 2 -0.429188 -0.797614
-0.388781 -0.280187 -1 -0.388781 -0.280187 -2
0.86659 1 -0.770972 0.86659 2 -0.770972
-0.431325 -0.0801661 -1 -0.431325 -0.0801661 -2
0.439875 -1 0.411453 0.439875 -2 0.411453
0.321228 -1 0.197955 0.321228 -2 0.197955
-1 -0.268155 0.617488 -2 -0.268155 0.617488
0.00442187 -1 -0.677244 0.00442187 -2 -0.677244
0.25742 -0.291883 1 0.25742 -0.291883 2
-0.734679 0.997398 -1 -0.734679 0.997398 -2
-0.21394 1 -0.31047 -0.21394 2 -0.31047
0.239189 1 -0.0536159 0.239189 2 -0.0536159
0.532012 -0.940496 1 0.532012 -0.940496 2
1 -0.132255 0.324516 2 -0.132255 0.324516
-0.716728 -1 0.880985 -0.716728 -2 0.880985
-0.523577 1 0.980871 -0.523577 2 0.980871
0.222668 -0.395111 1 0.222668 -0.395111 2
-0.300963 0.535382 -1 -0.300963 0.535382 -2
0.38651 -1 -0.546192 0.38651 -2 -0.546192
-1 0.690461 -0.573586 -2 0.690461 -0.573586
-1 -0.187741 -0.629252 -2 -0.187741 -0.629252
0.892846 1 -0.0656546 0.892846 2 -0.0656546
-0.348331 0.131752 1 -0.348331 0.131752 2
1 0.396619 -0.624933 2 0.396619 -0.624933
-0.884213 -1 -0.49843 -0.884213 -2 -0.49843
0.0194559 -1 0.802165 0.0194559 -2 0.802165
0.999751 -0.807226 -1 0.999751 -0.807226 -2
-0.92123 0.883275 -1 -0.92123 0.883275 -2
-0.5093 1 0.87842 -0.5093 2 0.87842
-0.81651 -1 -0.89559 -0.81651 -2 -0.89559
-0.93901 -0.106374 -1 -0.93901 -0.106374 -2
1 -0.25618 -0.00914761 2 -0.25618 -0.00914761
0.0719524 1 0.160702 0.0719524 2 0.160702
1 0.917841 0.0783918 2 0.917841 0.0783918
1 0.632422 0.782612 2 0.632422 0.782612
-0.0474407 -0.383298 1 -0.0474407 -0.383298 2
1 0.305964 -0.353985 2 0.305964 -0.353985
1 0.198659 0.0617178 2 0.198659 0.0617178
-0.274235 -1 -0.158251 -0.274235 -2 -0.158251
-1 -0.842784 0.627925 -2 -0.842784 0.627925
-0.0384968 -1 0.903435 -0.0384968 -2 0.903435
0.763811 0.626761 -1 0.763811 0.626761 -2
0.603371 0.46219 1 0.603371 0.46219 2
-0.789377 -0.944955 -1 -0.789377 -0.944955 -2
1 0.370378 0.831893 2 0.370378 0.831893
-0.224874 -0.544784 -1 -0.224874 -0.544784 -2
-1 -0.344033 0.0606054 -2 -0.344033 0.0606054
-1 0.972224 -0.173587 -2 0.972224 -0.173587
1 -0.572765 -0.382545 2 -0.572765 -0.382545
0.956643 -1 0.24938 0.956643 -2 0.24938
-0.558722 -1 -0.374692 -0.558722 -2 -0.374692
0.134965 -0.364993 -1 0.134965 -0.364993 -2
-0.911863 1 0.569139 -0.911863 2 0.569139
1 0.689511 0.296208 2 0.689511 0.296208
-0.667884 1 -0.877518 -0.667884 2 -0.877518
-0.296251 -1 -0.170626 -0.296251 -2 -0.170626
0.0144408 -0.278445 1 0.0144408 -0.278445 2
0.155812 -0.118205 1 0.155812 -0.118205 2
-1 0.975979 0.720143 -2 0.975979 0.720143
-0.586935 -0.487481 -1 -0.586935 -0.487481 -2
-1 0.768505 -0.264888 -2 0.768505 -0.264888
0.174591 1 -0.345001 0.174591 2 -0.345001
0.512687 1 0.652517 0.512687 2 0.652517
-0.780816 -0.832988 -1 -0.780816 -0.832988 -2
0.73319 1 -0.727538 0.73319 2 -0.727538
0.410439 -0.255414 -1 0.410439 -0.255414 -2
1 0.221875 0.477645 2 0.221875 0.477645
1 0.265671 0.917697 2 0.265671 0.917697
0.407779 -1 0.92459 0.407779 -2 0.92459
-0.625731 0.0879768 1 -0.625731 0.0879768 2
1 -0.0969637 0.114125 2 -0.0969637 0.114125
-0.039476 -0.512378 1 -0.039476 -0.512378 2
0.663567 0.232334 1 0.663567 0.232334 2
-0.26806 -1 -0.551827 -0.26806 -2 -0.551827
-0.335117 -1 -0.294738 -0.335117 -2 -0.294738
-1 -0.894706 0.729302 -2 -0.894706 0.729302
-1 -0.793572 0.817123 -2 -0.793572 0.817123
-0.591815 -1 -0.0306663 -0.591815 -2 -0.0306663
0.00291321 1 -0.962337 0.00291321 2 -0.962337
-0.436032 0.293227 -1 -0.436032 0.293227 -2
0.225853 -0.870596 1 0.225853 -0.870596 2
0.741052 1 -0.865749 0.741052 2 -0.865749
0.381689 1 0.922381 0.381689 2 0.922381
0.650084 0.917399 -1 0.650084 0.917399 -2
0.632881 -0.837205 -1 0.632881 -0.837205 -2
-0.655587 -1 0.235774 -0.655587 -2 0.235774
0.0874316 0.423271 1 0.0874316 0.423271 2
0.720232 0.656912 1 0.720232 0.656912 2
0.304063 0.606218 -1 0.304063 0.606218 -2
-0.0986354 -0.86315 1 -0.0986354 -0.86315 2
-1 0.379988 -0.459904 -2 0.379988 -0.459904
0.785372 0.796288 1 0.785372 0.796288 2
-0.200825 1 -0.736107 -0.200825 2 -0.736107
0.639665 0.854334 -1 0.639665 0.854334 -2
-0.922342 -0.369315 1 -0.922342 -0.369315 2
-0.94841 -0.613871 -1 -0.94841 -0.613871 -2
-0.0304263 0.6796 1 -0.0304263 0.6796 2
-1 -0.268123 0.0145604 -2 -0.268123 0.0145604
0.130573 -1 -0.330481 0.130573 -2 -0.330481
-1 0.621493 0.561696 -2 0.621493 0.561696
1 -0.548603 0.582647 2 -0.548603 0.582647
-1 0.263163 -0.984188 -2 0.263163 -0.984188
-0.779162 0.603297 -1 -0.779162 0.603297 -2
0.0388466 -0.0668109 1 0.0388466 -0.0668109 2
-0.601819 -1 -0.133718 -0.601819 -2 -0.133718
-0.0786437 0.700317 -1 -0.0786437 0.700317 -2
0.51129 1 0.550542 0.51129 2 0.550542
0.284779 -0.284108 -1 0.284779 -0.284108 -2
0.528519 -0.811597 -1 0.528519 -0.811597 -2
0.101384 -0.935874 1 0.101384 -0.935874 2
-0.519161 -0.508182 -1 -0.519161 -0.508182 -2
1 0.739698 -0.153165 2 0.739698 -0.153165
-1 0.0129934 -0.380332 -2 0.0129934 -0.380332
0.405075 0.947371 -1 0.405075 0.947371 -2
-1 0.98789 0.531369 -2 0.98789 0.531369
0.411502 1 0.615981 0.411502 2 0.615981
1 0.0771332 0.360559 2 0.0771332 0.360559
-1 -0.704976 -0.220711 -2 -0.704976 -0.220711
0.286555 1 -0.132394 0.286555 2 -0.132394
-0.0688876 -0.206118 -1 -0.0688876 -0.206118 -2
-0.592743 1 0.944455 -0.592743 2 0.944455
-0.180226 -0.137862 -1 -0.180226 -0.137862 -2
1 0.634042 -0.0263336 2 0.634042 -0.0263336
1 -0.564579 -0.393136 2 -0.564579 -0.393136
0.939413 0.648427 1 0.939413 0.648427 2
-0.0242175 0.334505 1 -0.0242175 0.334505 2
-1 0.0540028 0.110248 -2 0.0540028 0.110248
0.665483 -1 0.446022 0.665483 -2 0.446022
-0.0550894 1 -0.111974 -0.0550894 2 -0.111974
-0.50845 0.303575 -1 -0.50845 0.303575 -2
0.0296079 0.825145 -1 0.0296079 0.825145 -2
-0.0242899 -1 0.872852 -0.0242899 -2 0.872852
0.688155 -1 -0.493704 0.688155 -2 -0.493704
-0.650293 0.527914 1 -0.650293 0.527914 2
0.628198 1 -0.117814 0.628198 2 -0.117814
0.91759 -1 -0.147536 0.91759 -2 -0.147536
-0.852419 0.831042 -1 -0.852419 0.831042 -2
-1 -0.835362 -0.0214086 -2 -0.835362 -0.0214086
-1 0.745681 0.863026 -2 0.745681 0.863026
0.232672 -0.248915 1 0.232672 -0.248915 2
-0.162632 -0.52118 1 -0.162632 -0.52118 2
-1 -0.0878008 -0.332433 -2 -0.0878008 -0.332433
1 -0.0609115 -0.800154 2 -0.0609115 -0.800154
1 -0.906798 -0.826982 2 -0.906798 -0.826982
0.547383 1 0.135501 0.547383 2 0.135501
0.632816 -1 -0.633654 0.632816 -2 -0.633654
0.922622 1 -0.508593 0.922622 2 -0.508593
-0.782637 -0.0743564 -1 -0.782637 -0.0743564 -2
0.817021 -1 -0.51319 0.817021 -2 -0.51319
-0.183988 -1 0.927482 -0.183988 -2 0.927482
1 -0.00630049 -0.898697 2 -0.00630049 -0.898697
1 -0.00500479 0.225502 2 -0.00500479 0.225502
-0.985325 -1 -0.855775 -0.985325 -2 -0.855775
0.966732 -0.175995 1 0.966732 -0.175995 2
1 0.736235 -0.358252 2 0.736235 -0.358252
-0.309969 -0.345989 -1 -0.309969 -0.345989 -2
-0.185127 0.374022 1 -0.185127 0.374022 2
-0.668811 -0.0788713 -1 -0.668811 -0.0788713 -2
0.251939 -0.332046 -1 0.251939 -0.332046 -2
-0.803727 0.975976 -1 -0.803727 0.975976 -2
-0.0992455 0.159977 -1 -0.0992455 0.159977 -2
0.427249 0.60801 -1 0.427249 0.60801 -2
-1 -0.885283 -0.584001 -2 -0.885283 -0.584001
-1 0.329011 0.306983 -2 0.329011 0.306983
-0.0987462 -1 0.111388 -0.0987462 -2 0.111388
1 -0.111465 -0.508966 2 -0.111465 -0.508966
0.733743 -1 -0.255738 0.733743 -2 -0.255738
-0.338594 0.150563 -1 -0.338594 0.150563 -2
-0.106012 1 0.780158 -0.106012 2 0.780158
0.289985 1 0.848125 0.289985 2 0.848125
1 0.569377 0.949927 2 0.569377 0.949927
1 0.735373 -0.844816 2 0.735373 -0.844816
-1 0.500744 -0.00946123 -2 0.500744 -0.00946123
-0.250586 1 -0.216638 -0.250586 2 -0.216638
-0.626473 -1 -0.752738 -0.626473 -2 -0.752738
1 0.13542 -0.853224 2 0.13542 -0.853224
1 0.251972 0.142022 2 0.251972 0.142022
-0.879325 0.13887 -1 -0.879325 0.13887 -2
-1 0.463394 -0.265634 -2 0.463394 -0.265634
0.651992 0.740486 1 0.651992 0.740486 2
1 -0.910068 -0.851615 2 -0.910068 -0.851615
1 0.611161 -0.610829 2 0.611161 -0.610829
-1 -0.941974 0.149813 -2 -0.941974 0.149813
0.524644 0.997291 1 0.524644 0.997291 2
-0.384062 -0.070424 1 -0.384062 -0.070424 2
-0.293292 -0.64623 -1 -0.293292 -0.64623 -2
0.507704 -1 0.696703 0.507704 -2 0.696703
0.0838026 -0.470517 -1 0.0838026 -0.470517 -2
-1 -0.904614 -0.798781 -2 -0.904614 -0.798781
0.0547546 1 -0.261383 0.0547546 2 -0.261383
1 0.870369 0.163456 2 0.870369 0.163456
-0.101212 -1 -0.178983 -0.101212 -2 -0.178983
0.962888 -0.77268 1 0.962888 -0.77268 2
0.79064 0.0837911 1 0.79064 0.0837911 2
0.314898 -0.488147 -1 0.314898 -0.488147 -2
0.197297 0.029447 -1 0.197297 0.029447 -2
0.507169 -0.509324 1 0.507169 -0.509324 2
1 -0.935992 0.745578 2 -0.935992 0.745578
1 0.437788 0.72372 2 0.437788 0.72372
-1 0.745074 -0.463165 -2 0.745074 -0.463165
1 -0.626565 0.64346 2 -0.626565 0.64346
-0.976799 0.197407 -1 -0.976799 0.197407 -2
1 0.457136 0.479059 2 0.457136 0.479059
-0.775708 0.373288 -1 -0.775708 0.373288 -2
-0.773084 0.927279 1 -0.773084 0.927279 2
-0.42466 0.175904 1 -0.42466 0.175904 2
-0.272674 1 0.404137 -0.272674 2 0.404137
-1 -0.809269 0.226332 -2 -0.809269 0.226332
-0.0309282 -0.840522 1 -0.0309282 -0.840522 2
0.333152 0.581405 1 0.333152 0.581405 2
-0.199434 -1 0.996025 -0.199434 -2 0.996025
0.143171 -1 0.644009 0.143171 -2 0.644009
-0.59518 -1 -0.793846 -0.59518 -2 -0.793846
-0.13798 -0.0511609 1 -0.13798 -0.0511609 2
-1 0.345823 -0.239098 -2 0.345823 -0.239098
-1 -0.725754 0.886737 -2 -0.725754 0.886737
-0.593924 0.22218 -1 -0.593924 0.22218 -2
1 -0.630517 0.597289 2 -0.630517 0.597289
-1 0.827912 -0.714118 -2 0.827912 -0.714118
1 -0.378738 0.845028 2 -0.378738 0.845028
-0.941043 -0.536982 1 -0.941043 -0.536982 2
-1 -0.35308 0.125455 -2 -0.35308 0.125455
0.551328 -0.166478 -1 0.551328 -0.166478 -2
0.120732 0.48848 1 0.120732 0.48848 2
0.76215 1 0.549572 0.76215 2 0.549572
0.916203 -0.632079 -1 0.916203 -0.632079 -2
0.605091 1 0.75664 0.605091 2 0.75664
-1 0.707672 0.157967 -2 0.707672 0.157967
1 0.831635 0.841148 2 0.831635 0.841148
-0.0195054 0.738622 1 -0.0195054 0.738622 2
-1 0.727997 0.559207 -2 0.727997 0.559207
-1 -0.409986 0.698631 -2 -0.409986 0.698631
0.176284 0.538575 1 0.176284 0.538575 2
-0.681754 -0.148601 -1 -0.681754 -0.148601 -2
-0.427867 1 0.329639 -0.427867 2 0.329639
0.338957 0.970213 -1 0.338957 0.970213 -2
-0.212705 1 0.982079 -0.212705 2 0.982079
0.211058 1 0.629177 0.211058 2 0.629177
-1 -0.840784 -0.229167 -2 -0.840784 -0.229167
0.545483 0.0694199 -1 0.545483 0.0694199 -2
-0.583171 -0.94292 1 -0.583171 -0.94292 2
-1 0.576114 -0.742451 -2 0.576114 -0.742451
-0.49024 -0.958709 1 -0.49024 -0.958709 2
0.543514 0.384174 1 0.543514 0.384174 2
1 0.824456 0.45386 2 0.824456 0.45386
-0.821388 -0.162264 1 -0.821388 -0.162264 2
-1 -0.347284 -0.00852852 -2 -0.347284 -0.00852852
1 0.00729221 -0.432524 2 0.00729221 -0.432524
-0.836311 0.423142 -1 -0.836311 0.423142 -2
-1 0.61628 0.17635 -2 0.61628 0.17635
-0.719677 -0.00319608 -1 -0.719677 -0.00319608 -2
0.35329 1 0.253159 0.35329 2 0.253159
0.0441564 -0.819713 1 0.0441564 -0.819713 2
-0.682274 0.744902 -1 -0.682274 0.744902 -2
0.0958095 0.519461 -1 0.0958095 0.519461 -2
-1 -0.791105 -0.368265 -2 -0.791105 -0.368265
-0.607178 -1 0.142477 -0.607178 -2 0.142477
0.145712 0.131443 1 0.145712 0.131443 2
-0.983671 1 -0.300332 -0.983671 2 -0.300332
-0.183101 -0.55644 1 -0.183101 -0.55644 2
0.332717 0.900008 -1 0.332717 0.900008 -2
0.392692 1 0.0257854 0.392692 2 0.0257854
-0.830709 1 -0.505345 -0.830709 2 -0.505345
-0.230084 0.0875962 1 -0.230084 0.0875962 2
-0.778761 -1 0.667268 -0.778761 -2 0.667268
-0.115577 0.776231 1 -0.115577 0.776231 2
-1 -0.630622 -0.43251 -2 -0.630622 -0.43251
0.116038 0.492332 -1 0.116038 0.492332 -2
-0.136678 0.7635 1 -0.136678 0.7635 2
-0.968294 1 -0.530698 -0.968294 2 -0.530698
0.161762 -0.735729 -1 0.161762 -0.735729 -2
0.105017 -1 0.171113 0.105017 -2 0.171113
0.386633 -0.138907 -1 0.386633 -0.138907 -2
1 0.45422 -0.476041 2 0.45422 -0.476041
0.587355 -0.741954 1 0.587355 -0.741954 2
-0.328867 -0.731091 -1 -0.328867 -0.731091 -2
-0.905699 -1 -0.345873 -0.905699 -2 -0.345873
-0.884536 -0.730479 -1 -0.884536 -0.730479 -2
0.107037 0.683161 1 0.107037 0.683161 2
1 0.614783 0.93148 2 0.614783 0.93148
-0.222947 1 0.227438 -0.222947 2 0.227438
-0.263855 0.830006 -1 -0.263855 0.830006 -2
0.806366 -0.592583 -1 0.806366 -0.592583 -2
1 0.907393 0.46765 2 0.907393 0.46765
-0.54448 -0.614478 1 -0.54448 -0.614478 2
0.321878 0.197677 -1 0.321878 0.197677 -2
-0.0493773 1 -0.116465 -0.0493773 2 -0.116465
0.217403 0.105621 -1 0.217403 0.105621 -2
0.473994 -0.41194 -1 0.473994 -0.41194 -2
0.586902 1 -0.0700504 0.586902 2 -0.0700504
0.584049 -1 -0.311793 0.584049 -2 -0.311793
0.753422 -0.7668 -1 0.753422 -0.7668 -2
-0.0955434 1 -0.202343 -0.0955434 2 -0.202343
-1 -0.250025 0.73648 -2 -0.250025 0.73648
0.557776 0.0990104 1 0.557776 0.0990104 2
0.927215 0.294668 -1 0.927215 0.294668 -2
-0.99046 0.538406 1 -0.99046 0.538406 2
-1 -0.350703 -0.0825411 -2 -0.350703 -0.0825411
0.201973 -0.231458 1 0.201973 -0.231458 2
0.971695 1 0.720064 0.971695 2 0.720064
-0.721657 -1 0.132131 -0.721657 -2 0.132131
0.45495 -0.349438 -1 0.45495 -0.349438 -2
-0.649084 -1 0.808035 -0.649084 -2 0.808035
0.0656743 0.726265 -1 0.0656743 0.726265 -2
-0.982203 -0.94431 1 -0.982203 -0.94431 2
0.809025 0.723935 -1 0.809025 0.723935 -2
0.0666628 0.776696 1 0.0666628 0.776696 2
0.815732 -0.00466127 -1 0.815732 -0.00466127 -2
-1 0.458012 0.196504 -2 0.458012 0.196504
-0.250559 -0.852446 -1 -0.250559 -0.852446 -2
0.0538203 -1 -0.388829 0.0538203 -2 -0.388829
0.524386 0.872819 1 0.524386 0.872819 2
0.00191249 -1 0.814303 0.00191249 -2 0.814303
-0.0380732 -1 -0.934538 -0.0380732 -2 -0.934538
0.832378 -0.393254 1 0.832378 -0.393254 2
-0.90801 -0.244164 -1 -0.90801 -0.244164 -2
0.872945 0.411735 -1 0.872945 0.411735 -2
0.797692 -0.81002 -1 0.797692 -0.81002 -2
-0.779745 -0.948001 1 -0.779745 -0.948001 2
-1 -0.423098 -0.988839 -2 -0.423098 -0.988839
0.973975 -0.426917 1 0.973975 -0.426917 2
0.0963312 0.520651 -1 0.0963312 0.520651 -2
-0.925523 -0.825079 -1 -0.925523 -0.825079 -2
-0.80307 -0.104938 -1 -0.80307 -0.104938 -2
0.134317 0.684265 -1 0.134317 0.684265 -2
-0.4249 0.520977 -1 -0.4249 0.520977 -2
0.999875 1 -0.898902 0.999875 2 -0.898902
-0.0490167 -0.176375 -1 -0.0490167 -0.176375 -2
-0.367646 0.262651 -1 -0.367646 0.262651 -2
1 -0.719321 0.403089 2 -0.719321 0.403089
-0.11905 1 0.432704 -0.11905 2 0.432704
-0.265547 -0.954647 -1 -0.265547 -0.954647 -2
-0.948786 -0.296879 -1 -0.948786 -0.296879 -2
0.148662 0.700295 1 0.148662 0.700295 2
1 0.180491 0.265474 2 0.180491 0.265474
-0.753773 -0.0732838 -1 -0.753773 -0.0732838 -2
-0.328282 1 0.719102 -0.328282 2 0.719102
-1 -0.796464 -0.0791169 -2 -0.796464 -0.0791169
0.176917 0.985434 -1 0.176917 0.985434 -2
-0.875563 -1 0.78056 -0.875563 -2 0.78056
-1 -0.591765 -0.189052 -2 -0.591765 -0.189052
0.212219 -1 0.341631 0.212219 -2 0.341631
1 -0.140484 -0.252523 2 -0.140484 -0.252523
1 0.484109 -0.0974923 2 0.484109 -0.0974923
0.173941 1 0.662374 0.173941 2 0.662374
-0.773726 1 -0.0160503 -0.773726 2 -0.0160503
0.80656 0.143695 -1 0.80656 0.143695 -2
1 -0.0979797 0.463979 2 -0.0979797 0.463979
-0.00675076 1 -0.539974 -0.00675076 2 -0.539974
1 -0.0424519 0.615936 2 -0.0424519 0.615936
0.593553 1 0.148015 0.593553 2 0.148015
-0.274573 0.499924 -1 -0.274573 0.499924 -2
1 -0.720073 0.431292 2 -0.720073 0.431292
0.457847 -1 0.743115 0.457847 -2 0.743115
-0.798236 0.638234 1 -0.798236 0.638234 2
0.322534 1 -0.828174 0.322534 2 -0.828174
1 0.0244321 -0.345828 2 0.0244321 -0.345828
-0.316535 -1 -0.173361 -0.316535 -2 -0.173361
1 -0.960735 -0.414294 2 -0.960735 -0.414294
-1 -0.834502 0.71693 -2 -0.834502 0.71693
-0.523455 0.705095 1 -0.523455 0.705095 2
-0.541726 0.376158 -1 -0.541726 0.376158 -2
-0.360982 -0.380565 1 -0.360982 -0.380565 2
-0.136397 -1 0.0405864 -0.136397 -2 0.0405864
1 0.44587 -0.819816 2 0.44587 -0.819816
0.653013 0.885188 1 0.653013 0.885188 2
0.811234 1 -0.410199 0.811234 2 -0.410199
0.397853 1 -0.714695 0.397853 2 -0.714695
1 -0.534366 -0.625297 2 -0.534366 -0.625297
-0.295692 1 -0.301391 -0.295692 2 -0.301391
-0.169084 0.622967 -1 -0.169084 0.622967 -2
1 0.350014 0.614723 2 0.350014 0.614723
-1 0.0362055 -0.506541 -2 0.0362055 -0.506541
-0.477504 -0.194995 -1 -0.477504 -0.194995 -2
-0.895411 -1 0.0619323 -0.895411 -2 0.0619323
-1 -0.95267 -0.863872 -2 -0.95267 -0.863872
-0.868877 0.559265 -1 -0.868877 0.559265 -2
1 0.957562 -0.302686 2 0.957562 -0.302686
-1 -0.474268 -0.188212 -2 -0.474268 -0.188212
0.660824 0.12218 1 0.660824 0.12218 2
-0.418139 0.796241 1 -0.418139 0.796241 2
0.623101 1 -0.457858 0.623101 2 -0.457858
1 -0.790109 0.792098 2 -0.790109 0.792098
-1 0.63487 -0.265616 -2 0.63487 -0.265616
0.974804 -0.486917 1 0.974804 -0.486917 2
0.785888 0.207841 1 0.785888 0.207841 2
-1 -0.536629 -0.878236 -2 -0.536629 -0.878236
-0.743142 -0.536634 -1 -0.743142 -0.536634 -2
0.273005 -0.324134 1 0.273005 -0.324134 2
-1 0.97984 -0.175657 -2 0.97984 -0.175657
-0.0887414 0.779683 -1 -0.0887414 0.779683 -2
-0.662894 -1 -0.373376 -0.662894 -2 -0.373376
0.605629 1 -0.798975 0.605629 2 -0.798975
-1 0.628007 -0.905935 -2 0.628007 -0.905935
0.73747 -0.653029 -1 0.73747 -0.653029 -2
-1 -0.688112 -0.182157 -2 -0.688112 -0.182157
0.302357 -0.981275 1 0.302357 -0.981275 2
-0.779315 -1 0.415231 -0.779315 -2 0.415231
1 0.247788 -0.174654 2 0.247788 -0.174654
0.143424 -0.337654 1 0.143424 -0.337654 2
0.977025 -1 0.836535 0.977025 -2 0.836535
1 -0.0830089 -0.213276 2 -0.0830089 -0.213276
-0.412502 1 -0.126452 -0.412502 2 -0.126452
0.615139 -0.646838 -1 0.615139 -0.646838 -2
-0.585107 1 0.159354 -0.585107 2 0.159354
-1 -0.852194 -0.349468 -2 -0.852194 -0.349468
-0.802527 1 0.63114 -0.802527 2 0.63114
-0.405972 -0.82794 -1 -0.405972 -0.82794 -2
-0.604088 0.188029 -1 -0.604088 0.188029 -2
-0.504879 0.57309 -1 -0.504879 0.57309 -2
1 -0.871074 0.279697 2 -0.871074 0.279697
1 -0.00863566 -0.148145 2 -0.00863566 -0.148145
-0.3278 -0.115738 -1 -0.3278 -0.115738 -2
0.951884 1 -0.308026 0.951884 2 -0.308026
-0.811158 0.857936 -1 -0.811158 0.857936 -2
-0.296998 -1 0.345112 -0.296998 -2 0.345112
-0.259732 -1 -0.0499637 -0.259732 -2 -0.0499637
0.316355 1 -0.983634 0.316355 2 -0.983634
0.3489 -1 -0.683943 0.3489 -2 -0.683943
1 -0.708057 0.103094 2 -0.708057 0.103094
1 -0.388357 -0.508325 2 -0.388357 -0.508325
-1 -0.977525 0.0984069 -2 -0.977525 0.0984069
-0.611745 0.00835247 -1 -0.611745 0.00835247 -2
-0.800961 1 -0.193467 -0.800961 2 -0.193467
0.529447 -0.417236 -1 0.529447 -0.417236 -2
0.208737 -1 -0.546931 0.208737 -2 -0.546931
1 -0.205076 0.482311 2 -0.205076 0.482311
-0.156711 -1 -0.992345 -0.156711 -2 -0.992345
-0.951257 0.637913 -1 -0.951257 0.637913 -2
-0.141848 0.834178 -1 -0.141848 0.834178 -2
0.63474 -0.0800394 -1 0.63474 -0.0800394 -2
1 0.0250932 0.743736 2 0.0250932 0.743736
1 -0.622346 0.811009 2 -0.622346 0.811009
0.239463 0.640602 -1 0.239463 0.640602 -2
0.446776 1 -0.958794 0.446776 2 -0.958794
0.0434405 1 -0.104606 0.0434405 2 -0.104606
1 0.854804 0.552657 2 0.854804 0.552657
1 -0.98318 0.678109 2 -0.98318 0.678109
-0.708754 1 -0.273543 -0.708754 2 -0.273543
-0.572108 -0.989892 1 -0.572108 -0.989892 2
0.67918 0.881497 1 0.67918 0.881497 2
1 -0.878881 0.0937037 2 -0.878881 0.0937037
-0.638845 -0.933944 -1 -0.638845 -0.933944 -2
0.719589 1 -0.129168 0.719589 2 -0.129168
-1 -0.144573 -0.0525431 -2 -0.144573 -0.0525431
-0.860896 1 -0.825194 -0.860896 2 -0.825194
-0.35766 1 -0.816004 -0.35766 2 -0.816004
1 0.909733 -0.200861 2 0.909733 -0.200861
-1 0.684963 -0.179118 -2 0.684963 -0.179118
1 -0.893897 0.0857318 2 -0.893897 0.0857318
1 -0.396457 -0.64693 2 -0.396457 -0.64693
1 -0.70198 0.491147 2 -0.70198 0.491147
-0.754394 -0.894355 -1 -0.754394 -0.894355 -2
0.190769 -1 -0.559429 0.190769 -2 -0.559429
1 0.0238827 0.475515 2 0.0238827 0.475515
0.0990771 1 0.457586 0.0990771 2 0.457586
1 -0.544609 -0.0110344 2 -0.544609 -0.0110344
0.805037 -1 0.0698502 0.805037 -2 0.0698502
-1 -0.717744 -0.884197 -2 -0.717744 -0.884197
-0.853249 -1 -0.182373 -0.853249 -2 -0.182373
-0.528593 0.0955869 1 -0.528593 0.0955869 2
-0.683817 -0.433941 -1 -0.683817 -0.433941 -2
0.666409 -0.00088347 1 0.666409 -0.00088347 2
0.554562 -1 0.0823597 0.554562 -2 0.0823597
0.28145 -0.383433 1 0.28145 -0.383433 2
-1 -0.58139 -0.583064 -2 -0.58139 -0.583064
-1 0.134897 0.612038 -2 0.134897 0.612038
-0.699867 0.86413 -1 -0.699867 0.86413 -2
1 0.591588 0.404821 2 0.591588 0.404821
-0.441887 -0.437735 -1 -0.441887 -0.437735 -2
0.598766 0.752151 1 0.598766 0.752151 2
1 -0.413639 -0.188587 2 -0.413639 -0.188587
0.492433 0.718124 1 0.492433 0.718124 2
-1 -0.928991 0.0894854 -2 -0.928991 0.0894854
-0.128868 0.00322061 1 -0.128868 0.00322061 2
-0.824433 0.839461 1 -0.824433 0.839461 2
0.695505 -0.954409 1 0.695505 -0.954409 2
-0.346807 -0.342575 1 -0.346807 -0.342575 2
-0.738258 -0.517952 -1 -0.738258 -0.517952 -2
0.406193 -1 0.419444 0.406193 -2 0.419444
0.702257 0.53523 1 0.702257 0.53523 2
-1 0.443674 -0.823842 -2 0.443674 -0.823842
1 -0.856481 0.0394393 2 -0.856481 0.0394393
0.247178 1 0.865257 0.247178 2 0.865257
1 -0.540251 -0.47477 2 -0.540251 -0.47477
1 0.567035 -0.275491 2 0.567035 -0.275491
1 -0.308204 0.482674 2 -0.308204 0.482674
-0.580375 -1 0.554565 -0.580375 -2 0.554565
0.930136 1 -0.795185 0.930136 2 -0.795185
0.0317782 1 -0.0963183 0.0317782 2 -0.0963183
0.0512256 -1 -0.000720275 0.0512256 -2 -0.000720275
0.217565 -1 0.609971 0.217565 -2 0.609971
0.454564 -1 -0.687893 0.454564 -2 -0.687893
1 -0.446677 0.889894 2 -0.446677 0.889894
-1 0.22026 0.0849135 -2 0.22026 0.0849135
-0.257843 -0.42715 -1 -0.257843 -0.42715 -2
-1 -0.369121 0.204345 -2 -0.369121 0.204345
-0.881414 -0.255705 -1 -0.881414 -0.255705 -2
0.921627 0.95228 -1 0.921627 0.95228 -2
1 0.301951 0.191941 2 0.301951 0.191941
-0.183766 0.0975022 -1 -0.183766 0.0975022 -2
0.937947 -1 0.0149194 0.937947 -2 0.0149194
0.3532 -1 -0.407631 0.3532 -2 -0.407631
-1 0.317257 -0.144485 -2 0.317257 -0.144485
0.245845 -0.840951 1 0.245845 -0.840951 2
-1 0.889376 0.259376 -2 0.889376 0.259376
-1 0.186491 -0.359811 -2 0.186491 -0.359811
-0.73641 1 -0.631112 -0.73641 2 -0.631112
-0.992425 1 -0.567943 -0.992425 2 -0.567943
0.750771 -0.0486721 1 0.750771 -0.0486721 2
0.352736 -1 -0.218624 0.352736 -2 -0.218624
-0.202322 -0.141314 -1 -0.202322 -0.141314 -2
0.448837 -1 -0.954456 0.448837 -2 -0.954456
0.0372932 -0.787124 -1 0.0372932 -0.787124 -2
-0.488434 1 -0.106347 -0.488434 2 -0.106347
-1 -0.668085 0.420058 -2 -0.668085 0.420058
0.547559 0.723319 -1 0.547559 0.723319 -2
-0.679549 1 -0.826405 -0.679549 2 -0.826405
0.639835 0.998117 1 0.639835 0.998117 2
-1 -0.189805 -0.0213702 -2 -0.189805 -0.0213702
1 -0.475603 -0.325907 2 -0.475603 -0.325907
0.994519 -1 0.880485 0.994519 -2 0.880485
-0.619704 0.375 1 -0.619704 0.375 2
-0.733632 -1 -0.415854 -0.733632 -2 -0.415854
-0.59077 1 0.913161 -0.59077 2 0.913161
1 -0.424897 -0.67297 2 -0.424897 -0.67297
1 -0.508548 0.216607 2 -0.508548 0.216607
0.727129 -1 0.583576 0.727129 -2 0.583576
-0.537672 -1 -0.318407 -0.537672 -2 -0.318407
0.792082 -0.524435 -1 0.792082 -0.524435 -2
-0.554505 0.0277514 -1 -0.554505 0.0277514 -2
-1 -0.283517 -0.934071 -2 -0.283517 -0.934071
0.150036 0.677722 -1 0.150036 0.677722 -2
-0.698147 1 0.260608 -0.698147 2 0.260608
-0.772381 -1 0.489961 -0.772381 -2 0.489961
1 0.870255 0.254382 2 0.870255 0.254382
-1 0.912934 0.310176 -2 0.912934 0.310176
-0.715237 1 -0.354338 -0.715237 2 -0.354338
-0.134336 -1 -0.922617 -0.134336 -2 -0.922617
0.392145 0.173131 1 0.392145 0.173131 2
-0.644527 -0.0451809 1 -0.644527 -0.0451809 2
1 0.994344 -0.0712176 2 0.994344 -0.0712176
-0.735349 1 -0.996881 -0.735349 2 -0.996881
0.0489318 -1 -0.553784 0.0489318 -2 -0.553784
-0.534919 0.331893 -1 -0.534919 0.331893 -2
1 -0.869308 -0.140009 2 -0.869308 -0.140009
-0.486424 1 -0.162273 -0.486424 2 -0.162273
0.933618 -1 -0.744684 0.933618 -2 -0.744684
-0.160983 -1 -0.796762 -0.160983 -2 -0.796762
-1 0.510003 0.372124 -2 0.510003 0.372124
-0.441189 -0.311485 -1 -0.441189 -0.311485 -2
-1 0.995053 0.1473 -2 0.995053 0.1473
-0.750346 -0.933663 -1 -0.750346 -0.933663 -2
0.321179 -1 -0.61865 0.321179 -2 -0.61865
-1 -0.271657 0.579648 -2 -0.271657 0.579648
-0.294668 0.675792 -1 -0.294668 0.675792 -2
1 0.512276 0.530344 2 0.512276 0.530344
0.737369 0.705131 1 0.737369 0.705131 2
-0.328811 -1 -0.131949 -0.328811 -2 -0.131949
1 0.40043 -0.5696 2 0.40043 -0.5696
0.201594 0.551 -1 0.201594 0.551 -2
-1 0.845757 -0.638386 -2 0.845757 -0.638386
-0.42907 0.870734 1 -0.42907 0.870734 2
-1 0.225742 -0.0506429 -2 0.225742 -0.0506429
-0.561777 -0.405019 -1 -0.561777 -0.405019 -2
-0.758018 -1 0.498171 -0.758018 -2 0.498171
-0.922459 0.0524796 -1 -0.922459 0.0524796 -2
-0.930934 0.947291 -1 -0.930934 0.947291 -2
0.435797 0.730809 -1 0.435797 0.730809 -2
-1 0.259499 0.875729 -2 0.259499 0.875729
0.0411927 1 0.657606 0.0411927 2 0.657606
0.48551 1 0.516509 0.48551 2 0.516509
1 0.0108694 -0.30742 2 0.0108694 -0.30742
0.280984 -0.228677 1 0.280984 -0.228677 2
0.295644 -1 0.184662 0.295644 -2 0.184662
-0.633842 0.0187204 1 -0.633842 0.0187204 2
0.903505 0.787391 -1 0.903505 0.787391 -2
-0.885805 0.543398 1 -0.885805 0.543398 2
-0.206182 -0.111804 -1 -0.206182 -0.111804 -2
-0.476269 -0.366486 1 -0.476269 -0.366486 2
0.791111 -1 -0.00791229 0.791111 -2 -0.00791229
-1 -0.238271 0.552401 -2 -0.238271 0.552401
0.143544 -1 -0.30418 0.143544 -2 -0.30418
-0.999573 -0.0495002 -1 -0.999573 -0.0495002 -2
0.567369 1 0.229126 0.567369 2 0.229126
0.385939 0.655247 -1 0.385939 0.655247 -2
0.267309 -1 -0.0650308 0.267309 -2 -0.0650308
-0.24101 0.307399 -1 -0.24101 0.307399 -2
-0.624506 0.80571 -1 -0.624506 0.80571 -2
1 -0.472762 -0.00889672 2 -0.472762 -0.00889672
-0.215318 0.742323 1 -0.215318 0.742323 2
1 -0.353163 -0.310207 2 -0.353163 -0.310207
-1 -0.906967 -0.663726 -2 -0.906967 -0.663726
-0.540126 1 -0.406922 -0.540126 2 -0.406922
0.0189747 -1 -0.0725611 0.0189747 -2 -0.0725611
-1 0.650141 -0.912127 -2 0.650141 -0.912127
1 0.583728 0.854609 2 0.583728 0.854609
0.238875 -0.779707 -1 0.238875 -0.779707 -2
0.344511 -1 -0.466326 0.344511 -2 -0.466326
0.818083 -1 -0.656439 0.818083 -2 -0.656439
-0.886838 -1 -0.971574 -0.886838 -2 -0.971574
-1 0.910211 0.0870008 -2 0.910211 0.0870008
-0.849087 -1 -0.800211 -0.849087 -2 -0.800211
-0.762626 1 -0.193465 -0.762626 2 -0.193465
1 0.0611009 -0.015592 2 0.0611009 -0.015592
-1 0.870646 -0.949464 -2 0.870646 -0.949464
-0.142957 1 0.583702 -0.142957 2 0.583702
-0.314836 1 -0.545952 -0.314836 2 -0.545952
-1 0.755366 0.564526 -2 0.755366 0.564526
-0.338467 1 0.112129 -0.338467 2 0.112129
1 -0.51519 -0.260337 2 -0.51519 -0.260337
-0.53033 -1 0.0102654 -0.53033 -2 0.0102654
0.880231 -0.0784093 1 0.880231 -0.0784093 2
0.0694113 -1 -0.335266 0.0694113 -2 -0.335266
-1 -0.66929 0.509896 -2 -0.66929 0.509896
0.119113 0.747925 -1 0.119113 0.747925 -2
0.784989 -0.897981 1 0.784989 -0.897981 2
0.874158 -0.14688 1 0.874158 -0.14688 2
0.917619 -0.426057 -1 0.917619 -0.426057 -2
1 -0.844719 -0.0512379 2 -0.844719 -0.0512379
-1 -0.471778 -0.828477 -2 -0.471778 -0.828477
-0.702314 0.565463 -1 -0.702314 0.565463 -2
0.146243 -1 0.216806 0.146243 -2 0.216806
0.818541 1 0.778305 0.818541 2 0.778305
-0.106608 -1 -0.87309 -0.106608 -2 -0.87309
-0.106838 -1 -0.726444 -0.106838 -2 -0.726444
1 -0.456681 0.721988 2 -0.456681 0.721988
0.527415 -0.26102 -1 0.527415 -0.26102 -2
-0.181781 0.71221 -1 -0.181781 0.71221 -2
-0.34917 0.465174 -1 -0.34917 0.465174 -2
-0.985795 -1 0.293746 -0.985795 -2 0.293746
0.31778 0.371449 -1 0.31778 0.371449 -2
-1 0.935584 -0.35303 -2 0.935584 -0.35303
0.976503 1 -0.0795288 0.976503 2 -0.0795288
-1 0.732889 0.336045 -2 0.732889 0.336045
-1 -0.459293 -0.669653 -2 -0.459293 -0.669653
-0.203487 0.205522 1 -0.203487 0.205522 2
0.116261 -0.880129 1 0.116261 -0.880129 2
-0.532225 -1 -0.347324 -0.532225 -2 -0.347324
-0.203841 0.171275 -1 -0.203841 0.171275 -2
0.164697 1 0.778151 0.164697 2 0.778151
-1 0.989942 0.0490125 -2 0.989942 0.0490125
0.795599 0.826737 -1 0.795599 0.826737 -2
-0.537174 1 0.00609607 -0.537174 2 0.00609607
-0.885211 1 0.761311 -0.885211 2 0.761311
0.589062 0.962374 -1 0.589062 0.962374 -2
-1 -0.492942 0.51776 -2 -0.492942 0.51776
0.294693 1 -0.910969 0.294693 2 -0.910969
0.340483 0.49651 -1 0.340483 0.49651 -2
-1 -0.221053 -0.766531 -2 -0.221053 -0.766531
-1 0.167939 0.651545 -2 0.167939 0.651545
0.0167108 -1 -0.125458 0.0167108 -2 -0.125458
0.694661 -1 0.794033 0.694661 -2 0.794033
-1 0.721685 0.646989 -2 0.721685 0.646989
-0.624882 1 0.727414 -0.624882 2 0.727414
-0.540456 -0.984269 1 -0.540456 -0.984269 2
-0.65944 0.114396 1 -0.65944 0.114396 2
1 0.44127 -0.140085 2 0.44127 -0.140085
0.556749 0.996642 -1 0.556749 0.996642 -2
0.260966 1 -0.0636668 0.260966 2 -0.0636668
0.252124 -1 0.621155 0.252124 -2 0.621155
-1 0.244834 -0.917351 -2 0.244834 -0.917351
-0.0630373 -1 -0.530908 -0.0630373 -2 -0.530908
0.0632341 -0.16202 1 0.0632341 -0.16202 2
-0.580954 -0.496524 -1 -0.580954 -0.496524 -2
0.212294 -1 -0.761778 0.212294 -2 -0.761778
-1 -0.0256051 0.788016 -2 -0.0256051 0.788016
0.565326 0.562875 -1 0.565326 0.562875 -2
-0.911663 -1 0.285293 -0.911663 -2 0.285293
-0.425319 0.38259 -1 -0.425319 0.38259 -2
-1 -0.98729 -0.00344998 -2 -0.98729 -0.00344998
0.465742 0.279573 -1 0.465742 0.279573 -2
-0.341825 -0.395487 1 -0.341825 -0.395487 2
-1 0.284362 0.890367 -2 0.284362 0.890367
-0.131292 0.331323 -1 -0.131292 0.331323 -2
-0.365641 -0.679642 -1 -0.365641 -0.679642 -2
-0.148132 0.362973 -1 -0.148132 0.362973 -2
-0.299051 -1 0.0755815 -0.299051 -2 0.0755815
1 0.169737 -0.0582091 2 0.169737 -0.0582091
-0.822011 0.841634 -1 -0.822011 0.841634 -2
0.52844 -0.97938 1 0.52844 -0.97938 2
-0.0245004 0.110244 -1 -0.0245004 0.110244 -2
1 -0.40466 -0.529807 2 -0.40466 -0.529807
-0.769023 -1 0.9318 -0.769023 -2 0.9318
-0.770396 -1 0.049787 -0.770396 -2 0.049787
-0.550869 0.281916 -1 -0.550869 0.281916 -2
-1 0.0851758 0.44521 -2 0.0851758 0.44521
-0.872053 0.966197 1 -0.872053 0.966197 2
0.279278 -1 -0.897466 0.279278 -2 -0.897466
0.52134 -1 0.525464 0.52134 -2 0.525464
-0.570039 -1 0.728302 -0.570039 -2 0.728302
-1 0.705529 0.822091 -2 0.705529 0.822091
-0.545258 0.180433 1 -0.545258 0.180433 2
0.147785 0.749473 -1 0.147785 0.749473 -2
0.359157 0.583069 1 0.359157 0.583069 2
1 -0.095412 -0.684609 2 -0.095412 -0.684609
0.113911 1 0.451994 0.113911 2 0.451994
1 -0.240374 0.0386887 2 -0.240374 0.0386887
0.877918 0.831371 -1 0.877918 0.831371 -2
-0.398362 -0.66432 1 -0.398362 -0.66432 2
-0.295407 -0.241191 1 -0.295407 -0.241191 2
-1 0.228982 -0.498929 -2 0.228982 -0.498929
-1 0.867685 0.810451 -2 0.867685 0.810451
0.699365 -0.0683196 1 0.699365 -0.0683196 2
-0.664552 -0.866925 -1 -0.664552 -0.866925 -2
0.811253 -0.722268 -1 0.811253 -0.722268 -2
-1 -0.336363 -0.182493 -2 -0.336363 -0.182493
-0.826045 -0.517354 1 -0.826045 -0.517354 2
-1 -0.114932 0.495888 -2 -0.114932 0.495888
1 -0.38151 0.111524 2 -0.38151 0.111524
-0.652656 -0.838415 1 -0.652656 -0.838415 2
1 -0.188585 -0.740636 2 -0.188585 -0.740636
1 0.559698 0.400562 2 0.559698 0.400562
-0.0539196 0.0534333 1 -0.0539196 0.0534333 2
1 0.875404 0.794459 2 0.875404 0.794459
0.811558 1 0.954891 0.811558 2 0.954891
-0.391402 0.268126 1 -0.391402 0.268126 2
1 -0.751159 0.623832 2 -0.751159 0.623832
-0.520875 0.262779 1 -0.520875 0.262779 2
-0.916619 -0.10435 -1 -0.916619 -0.10435 -2
-0.998442 -0.318896 -1 -0.998442 -0.318896 -2
-0.930722 -0.0884062 -1 -0.930722 -0.0884062 -2
-0.75142 -1 -0.865333 -0.75142 -2 -0.865333
0.130632 0.309206 -1 0.130632 0.309206 -2
-1 -0.155344 -0.0987122 -2 -0.155344 -0.0987122
-0.864735 1 -0.599468 -0.864735 2 -0.599468
-0.695953 -0.00331366 -1 -0.695953 -0.00331366 -2
0.805021 -1 -0.214374 0.805021 -2 -0.214374
0.703147 0.206343 -1 0.703147 0.206343 -2
0.110955 -1 -0.0661141 0.110955 -2 -0.0661141
-0.614106 0.181722 -1 -0.614106 0.181722 -2
-1 -0.335371 0.033238 -2 -0.335371 0.033238
-0.252969 -1 0.642604 -0.252969 -2 0.642604
0.507028 1 0.683693 0.507028 2 0.683693
0.694647 0.630408 1 0.694647 0.630408 2
-1 -0.175951 0.958997 -2 -0.175951 0.958997
-0.999745 -0.88565 -1 -0.999745 -0.88565 -2
-0.0443585 -0.578448 1 -0.0443585 -0.578448 2
1 -0.0446208 -0.985864 2 -0.0446208 -0.985864
0.00251308 0.816933 -1 0.00251308 0.816933 -2
1 -0.86045 0.400837 2 -0.86045 0.400837
1 -0.978608 0.731063 2 -0.978608 0.731063
-0.320306 0.614867 -1 -0.320306 0.614867 -2
-0.903179 -0.548289 1 -0.903179 -0.548289 2
0.871124 0.853229 1 0.871124 0.853229 2
-1 0.898502 0.875937 -2 0.898502 0.875937
-1 0.41386 0.809818 -2 0.41386 0.809818
0.865336 1 0.295752 0.865336 2 0.295752
-0.830408 1 0.91624 -0.830408 2 0.91624
0.191868 1 -0.719611 0.191868 2 -0.719611
0.931283 -0.00346205 1 0.931283 -0.00346205 2
-1 -0.99204 0.5307 -2 -0.99204 0.5307
-1 0.400718 0.600631 -2 0.400718 0.600631
0.657498 -1 0.226666 0.657498 -2 0.226666
0.528719 -1 0.788807 0.528719 -2 0.788807
-0.0663602 -1 -0.381699 -0.0663602 -2 -0.381699
-1 0.166576 0.656186 -2 0.166576 0.656186
-1 0.218978 -0.35729 -2 0.218978 -0.35729
0.284572 -1 0.0941328 0.284572 -2 0.0941328
-1 0.0891865 -0.957715 -2 0.0891865 -0.957715
-0.319299 -1 0.807897 -0.319299 -2 0.807897
-0.846152 1 -0.467863 -0.846152 2 -0.467863
-0.126455 0.220066 -1 -0.126455 0.220066 -2
0.865722 -1 0.0536944 0.865722 -2 0.0536944
-0.366587 0.049049 1 -0.366587 0.049049 2
-1 0.951098 0.890159 -2 0.951098 0.890159
0.515508 -0.14813 -1 0.515508 -0.14813 -2
0.0369691 1 0.537068 0.0369691 2 0.537068
0.215066 1 -0.614317 0.215066 2 -0.614317
0.950191 -1 -0.194752 0.950191 -2 -0.194752
-1 0.662553 0.474466 -2 0.662553 0.474466
0.0164546 -1 -0.431673 0.0164546 -2 -0.431673
-0.324485 1 -0.380622 -0.324485 2 -0.380622
0.85857 0.0193304 -1 0.85857 0.0193304 -2
-0.343497 -0.491117 1 -0.343497 -0.491117 2
0.171026 -0.438841 -1 0.171026 -0.438841 -2
-1 -0.37547 0.222312 -2 -0.37547 0.222312
-1 0.692019 -0.758176 -2 0.692019 -0.758176
-0.637088 -0.0548332 -1 -0.637088 -0.0548332 -2
-0.671199 1 0.429696 -0.671199 2 0.429696
0.745217 -0.864765 -1 0.745217 -0.864765 -2
1 -0.418962 -0.0229417 2 -0.418962 -0.0229417
-0.298912 -0.229611 -1 -0.298912 -0.229611 -2
0.586992 -0.844036 1 0.586992 -0.844036 2
0.174615 -1 -0.0743831 0.174615 -2 -0.0743831
0.254765 1 0.281726 0.254765 2 0.281726
-0.914229 0.433132 -1 -0.914229 0.433132 -2
1 0.0230924 -0.86274 2 0.0230924 -0.86274
0.31679 -0.393175 1 0.31679 -0.393175 2
0.0144416 -1 -0.266095 0.0144416 -2 -0.266095
-1 -0.574813 0.405903 -2 -0.574813 0.405903
-0.434087 1 -0.224502 -0.434087 2 -0.224502
-0.510714 1 0.126516 -0.510714 2 0.126516
-0.63541 -1 -0.974026 -0.63541 -2 -0.974026
1 0.348359 0.210489 2 0.348359 0.210489
-0.967455 0.423729 -1 -0.967455 0.423729 -2
-0.721065 0.664938 -1 -0.721065 0.664938 -2
-0.639941 1 -0.518303 -0.639941 2 -0.518303
1 0.0482463 0.456831 2 0.0482463 0.456831
0.982067 0.394513 -1 0.982067 0.394513 -2
-0.122189 1 -0.361982 -0.122189 2 -0.361982
-1 0.856742 0.744106 -2 0.856742 0.744106
0.051298 -0.782489 1 0.051298 -0.782489 2
-0.738296 0.634237 -1 -0.738296 0.634237 -2
-0.984519 0.390015 1 -0.984519 0.390015 2
-1 0.770414 -0.352485 -2 0.770414 -0.352485
1 -0.555432 -0.699678 2 -0.555432 -0.699678
0.118429 -0.429802 -1 0.118429 -0.429802 -2
0.375186 -1 -0.867173 0.375186 -2 -0.867173
0.565652 -1 0.472047 0.565652 -2 0.472047
0.0375878 1 0.351799 0.0375878 2 0.351799
1 0.69722 -0.120584 2 0.69722 -0.120584
0.330923 -0.841879 1 0.330923 -0.841879 2
0.0929538 1 0.733049 0.0929538 2 0.733049
0.751575 1 0.751651 0.751575 2 0.751651
-0.323498 -0.970568 -1 -0.323498 -0.970568 -2
0.629165 -1 0.758575 0.629165 -2 0.758575
0.172922 -0.296108 -1 0.172922 -0.296108 -2
-1 0.74302 0.974283 -2 0.74302 0.974283
-0.23749 -1 -0.73281 -0.23749 -2 -0.73281
-0.652533 -1 -0.475001 -0.652533 -2 -0.475001
1 0.814533 -0.337057 2 0.814533 -0.337057
-1 0.849971 0.53579 -2 0.849971 0.53579
0.549406 1 0.131445 0.549406 2 0.131445
1 -0.0232419 0.477897 2 -0.0232419 0.477897
-0.97389 1 0.41766 -0.97389 2 0.41766
-0.625923 -0.555785 -1 -0.625923 -0.555785 -2
0.201046 -1 0.238817 0.201046 -2 0.238817
-0.00989484 0.372858 -1 -0.00989484 0.372858 -2
-1 -0.053508 0.0712129 -2 -0.053508 0.0712129
-0.763058 1 0.743589 -0.763058 2 0.743589
-0.912846 1 -0.239762 -0.912846 2 -0.239762
0.931636 -0.0566798 1 0.931636 -0.0566798 2
0.912365 0.0392431 1 0.912365 0.0392431 2
-0.533288 -1 0.738058 -0.533288 -2 0.738058
-0.299483 0.785501 -1 -0.299483 0.785501 -2
1 0.196155 0.239888 2 0.196155 0.239888
0.264653 -0.712209 1 0.264653 -0.712209 2
-0.722261 -0.759058 1 -0.722261 -0.759058 2
1 -0.0769815 -0.904353 2 -0.0769815 -0.904353
-1 0.218063 -0.980572 -2 0.218063 -0.980572
-0.663243 0.306422 -1 -0.663243 0.306422 -2
-0.665835 0.677911 -1 -0.665835 0.677911 -2
0.775422 1 -0.525697 0.775422 2 -0.525697
0.611885 -0.438081 1 0.611885 -0.438081 2
-0.736972 0.862938 -1 -0.736972 0.862938 -2
-1 0.779119 -0.644905 -2 0.779119 -0.644905
-0.881798 -1 -0.538414 -0.881798 -2 -0.538414
-0.169994 -0.265006 1 -0.169994 -0.265006 2
-1 0.137303 0.227935 -2 0.137303 0.227935
-0.296315 0.88572 1 -0.296315 0.88572 2
-0.778096 -1 0.101314 -0.778096 -2 0.101314
0.54405 -0.599313 1 0.54405 -0.599313 2
-0.223568 -0.486903 -1 -0.223568 -0.486903 -2
-0.00843215 -1 -0.727521 -0.00843215 -2 -0.727521
-0.60794 -0.347906 -1 -0.60794 -0.347906 -2
0.630014 0.280655 1 0.630014 0.280655 2
0.16552 1 0.102028 0.16552 2 0.102028
0.541793 -1 -0.539723 0.541793 -2 -0.539723
0.623338 0.647764 -1 0.623338 0.647764 -2
-0.890288 0.211572 -1 -0.890288 0.211572 -2
0.215655 -0.505924 -1 0.215655 -0.505924 -2
0.596226 1 -0.776612 0.596226 2 -0.776612
0.441362 1 0.0255352 0.441362 2 0.0255352
1 0.695447 0.980383 2 0.695447 0.980383
0.864238 1 0.754776 0.864238 2 0.754776
-0.451552 1 -0.440591 -0.451552 2 -0.440591
-1 -0.548623 0.405667 -2 -0.548623 0.405667
-0.339705 -1 -0.234882 -0.339705 -2 -0.234882
0.605106 -1 -0.378138 0.605106 -2 -0.378138
0.259717 0.638171 1 0.259717 0.638171 2
0.915001 -0.418555 -1 0.915001 -0.418555 -2
0.449735 -1 0.149927 0.449735 -2 0.149927
0.160295 -1 -0.756726 0.160295 -2 -0.756726
0.00938398 0.601559 -1 0.00938398 0.601559 -2
0.316914 -0.367623 -1 0.316914 -0.367623 -2
-0.32862 0.750421 1 -0.32862 0.750421 2
-1 0.166357 0.0431765 -2 0.166357 0.0431765
-1 -0.103179 0.0456269 -2 -0.103179 0.0456269
0.0395335 0.0868063 -1 0.0395335 0.0868063 -2
0.488164 0.695038 1 0.488164 0.695038 2
-0.324885 -1 0.020249 -0.324885 -2 0.020249
-0.450453 -0.248539 -1 -0.450453 -0.248539 -2
1 -0.426677 -0.584378 2 -0.426677 -0.584378
0.424028 -1 0.0681586 0.424028 -2 0.0681586
-0.845313 1 -0.739639 -0.845313 2 -0.739639
0.373255 0.857888 -1 0.373255 0.857888 -2
-0.476541 1 -0.774205 -0.476541 2 -0.774205
-0.611862 -0.46892 -1 -0.611862 -0.46892 -2
-1 0.94728 -0.929293 -2 0.94728 -0.929293
-0.645422 0.772153 -1 -0.645422 0.772153 -2
0.874576 -0.999575 -1 0.874576 -0.999575 -2
1 0.816139 0.67083 2 0.816139 0.67083
0.930046 -1 -0.791003 0.930046 -2 -0.791003
1 -0.0928799 -0.124534 2 -0.0928799 -0.124534
0.874168 -0.138166 -1 0.874168 -0.138166 -2
0.778603 -1 -0.244196 0.778603 -2 -0.244196
0.0799233 0.482692 -1 0.0799233 0.482692 -2
-0.82161 0.503937 -1 -0.82161 0.503937 -2
-0.788548 0.59587 1 -0.788548 0.59587 2
-0.0783987 -0.724949 1 -0.0783987 -0.724949 2
-0.120635 -1 -0.625826 -0.120635 -2 -0.625826
-0.0253987 0.126139 1 -0.0253987 0.126139 2
-1 -0.525686 -0.80081 -2 -0.525686 -0.80081
-0.253045 0.337384 -1 -0.253045 0.337384 -2
-0.246655 -0.772685 1 -0.246655 -0.772685 2
-0.137024 1 -0.0521857 -0.137024 2 -0.0521857
-1 -0.527723 -0.247235 -2 -0.527723 -0.247235
0.31331 -1 -0.893366 0.31331 -2 -0.893366
0.209726 0.718022 1 0.209726 0.718022 2
0.936033 0.100174 -1 0.936033 0.100174 -2
-0.0140997 0.791587 -1 -0.0140997 0.791587 -2
-1 -0.421437 -0.915672 -2 -0.421437 -0.915672
-1 0.239718 -0.932366 -2 0.239718 -0.932366
1 0.448551 0.237817 2 0.448551 0.237817
-0.544088 -1 0.615371 -0.544088 -2 0.615371
1 0.649071 0.90506 2 0.649071 0.90506
1 -0.347291 0.159597 2 -0.347291 0.159597
-0.0231607 -0.738722 -1 -0.0231607 -0.738722 -2
-0.033046 -1 -0.436999 -0.033046 -2 -0.436999
0.784007 0.59034 1 0.784007 0.59034 2
0.0232472 1 0.451751 0.0232472 2 0.451751
-0.381839 -0.425191 -1 -0.381839 -0.425191 -2
-0.717954 0.80673 1 -0.717954 0.80673 2
-1 0.712442 -0.0197578 -2 0.712442 -0.0197578
0.553946 1 -0.163603 0.553946 2 -0.163603
0.0694129 1 0.942948 0.0694129 2 0.942948
-0.404354 1 0.0445381 -0.404354 2 0.0445381
0.829335 -0.632176 -1 0.829335 -0.632176 -2
0.907903 -1 -0.966349 0.907903 -2 -0.966349
1 0.505903 0.211218 2 0.505903 0.211218
0.977393 1 0.960726 0.977393 2 0.960726
-0.700558 -0.103623 -1 -0.700558 -0.103623 -2
-1 0.699721 0.862191 -2 0.699721 0.862191
-0.238175 -1 0.707576 -0.238175 -2 0.707576
0.330387 -1 0.151985 0.330387 -2 0.151985
-0.231954 0.48505 1 -0.231954 0.48505 2
0.287586 0.730869 1 0.287586 0.730869 2
0.761989 0.513885 1 0.761989 0.513885 2
-1 -0.74277 -0.518309 -2 -0.74277 -0.518309
1 -0.202264 -0.649983 2 -0.202264 -0.649983
-0.0574171 -0.066724 1 -0.0574171 -0.066724 2
-1 0.0752209 0.214486 -2 0.0752209 0.214486
0.0578816 1 -0.816502 0.0578816 2 -0.816502
-0.224615 -1 -0.32156 -0.224615 -2 -0.32156
-0.686859 -1 0.55957 -0.686859 -2 0.55957
0.422658 -1 -0.961411 0.422658 -2 -0.961411
0.987431 1 0.245055 0.987431 2 0.245055
-1 0.896695 -0.749751 -2 0.896695 -0.749751
0.0621154 -1 -0.964566 0.0621154 -2 -0.964566
1 -0.591325 0.0358536 2 -0.591325 0.0358536
0.716604 1 0.0428517 0.716604 2 0.0428517
-0.805279 -0.0881296 1 -0.805279 -0.0881296 2
-0.442439 0.874379 -1 -0.442439 0.874379 -2
-0.0250586 -0.840475 -1 -0.0250586 -0.840475 -2
-0.134105 0.721732 -1 -0.134105 0.721732 -2
1 -0.726792 -0.702878 2 -0.726792 -0.702878
-0.536043 -0.807303 1 -0.536043 -0.807303 2
0.647823 1 0.0345318 0.647823 2 0.0345318
0.774413 1 0.432417 0.774413 2 0.432417
-0.0485356 -0.262079 -1 -0.0485356 -0.262079 -2
-0.60764 -0.225346 -1 -0.60764 -0.225346 -2
-0.727923 -0.0187844 -1 -0.727923 -0.0187844 -2
-0.0858435 0.679731 -1 -0.0858435 0.679731 -2
-0.76009 0.604488 -1 -0.76009 0.604488 -2
0.58122 -0.558386 -1 0.58122 -0.558386 -2
1 0.374745 0.738123 2 0.374745 0.738123
1 0.513493 -0.217556 2 0.513493 -0.217556
0.0444271 -1 0.160645 0.0444271 -2 0.160645
-0.367911 0.685451 1 -0.367911 0.685451 2
-0.483461 -1 0.612036 -0.483461 -2 0.612036
1 -0.0193661 -0.505095 2 -0.0193661 -0.505095
-0.612087 1 -0.00342766 -0.612087 2 -0.00342766
1 0.304282 -0.620318 2 0.304282 -0.620318
0.0766125 1 0.241378 0.0766125 2 0.241378
-0.883168 1 -0.672411 -0.883168 2 -0.672411
-0.19575 0.900809 -1 -0.19575 0.900809 -2
1 -0.122286 -0.0824584 2 -0.122286 -0.0824584
-0.961213 -0.901711 -1 -0.961213 -0.901711 -2
0.508367 -0.121882 -1 0.508367 -0.121882 -2
-0.243664 0.419364 1 -0.243664 0.419364 2
-0.857989 0.0506986 -1 -0.857989 0.0506986 -2
-1 0.133637 -0.0422781 -2 0.133637 -0.0422781
-0.637308 -0.482261 1 -0.637308 -0.482261 2
0.295534 -1 0.50501 0.295534 -2 0.50501
-1 -0.437151 -0.800175 -2 -0.437151 -0.800175
-0.872297 1 0.0276135 -0.872297 2 0.0276135
-0.572845 -1 0.38535 -0.572845 -2 0.38535
-0.289532 0.246343 1 -0.289532 0.246343 2
1 -0.587318 -0.637879 2 -0.587318 -0.637879
0.6511 1 0.727014 0.6511 2 0.727014
0.870579 -1 -0.305107 0.870579 -2 -0.305107
0.793864 1 -0.475778 0.793864 2 -0.475778
-1 -0.0932402 -0.00768046 -2 -0.0932402 -0.00768046
0.533455 0.619948 1 0.533455 0.619948 2
-0.293534 1 -0.570648 -0.293534 2 -0.570648
-0.0311785 -1 0.752902 -0.0311785 -2 0.752902
-1 -0.717507 -0.867177 -2 -0.717507 -0.867177
0.874535 -1 0.184356 0.874535 -2 0.184356
-1 0.266425 0.569566 -2 0.266425 0.569566
-0.471888 0.775181 1 -0.471888 0.775181 2
0.703417 -0.330462 -1 0.703417 -0.330462 -2
-0.737377 1 0.663271 -0.737377 2 0.663271
1 0.161474 -0.941826 2 0.161474 -0.941826
-0.288155 -0.310529 1 -0.288155 -0.310529 2
1 -0.529771 -0.310077 2 -0.529771 -0.310077
-1 0.558237 -0.28131 -2 0.558237 -0.28131
-0.017216 -1 -0.366031 -0.017216 -2 -0.366031
1 -0.525874 -0.0929062 2 -0.525874 -0.0929062
-1 -0.760059 0.630309 -2 -0.760059 0.630309
-0.75857 1 -0.48297 -0.75857 2 -0.48297
0.206703 -1 -0.739258 0.206703 -2 -0.739258
-1 -0.410099 0.365932 -2 -0.410099 0.365932
-1 -0.404626 0.39687 -2 -0.404626 0.39687
1 0.763935 -0.773937 2 0.763935 -0.773937
0.158182 -0.276265 1 0.158182 -0.276265 2
0.497768 -1 -0.519283 0.497768 -2 -0.519283
-0.820594 0.524523 -1 -0.820594 0.524523 -2
0.87552 1 0.875528 0.87552 2 0.875528
-1 -0.521168 -0.728112 -2 -0.521168 -0.728112
1 -0.249965 -0.404122 2 -0.249965 -0.404122
-1 0.795831 0.465106 -2 0.795831 0.465106
-0.0465585 0.662227 1 -0.0465585 0.662227 2
1 -0.323046 0.653199 2 -0.323046 0.653199
-0.519335 -0.217606 -1 -0.519335 -0.217606 -2
0.48868 1 0.883358 0.48868 2 0.883358
-1 0.560956 0.0123334 -2 0.560956 0.0123334
-0.676088 0.148877 -1 -0.676088 0.148877 -2
-1 0.000959248 0.732806 -2 0.000959248 0.732806
0.875721 0.111791 1 0.875721 0.111791 2
-0.0125986 0.987684 -1 -0.0125986 0.987684 -2
-1 0.0514459 -0.650772 -2 0.0514459 -0.650772
-1 0.0963652 0.436643 -2 0.0963652 0.436643
0.204548 0.783032 -1 0.204548 0.783032 -2
-1 0.848938 -0.0937085 -2 0.848938 -0.0937085
0.821192 -1 -0.406524 0.821192 -2 -0.406524
0.144849 -1 -0.382405 0.144849 -2 -0.382405
-1 -0.356496 0.744803 -2 -0.356496 0.744803
-0.202449 0.54812 -1 -0.202449 0.54812 -2
0.96212 -1 0.320541 0.96212 -2 0.320541
-1 -0.797773 -0.540207 -2 -0.797773 -0.540207
-0.79182 0.745332 1 -0.79182 0.745332 2
-0.726837 -1 -0.389675 -0.726837 -2 -0.389675
-0.879511 -0.373386 -1 -0.879511 -0.373386 -2
0.244905 1 0.40262 0.244905 2 0.40262
-0.820754 -0.134419 1 -0.820754 -0.134419 2
1 -0.874585 0.578501 2 -0.874585 0.578501
-0.859362 0.776781 -1 -0.859362 0.776781 -2
0.172681 -1 -0.570791 0.172681 -2 -0.570791
-0.959148 0.70869 1 -0.959148 0.70869 2
-1 0.213878 -0.655447 -2 0.213878 -0.655447
-0.285442 -1 -0.70137 -0.285442 -2 -0.70137
0.430678 -1 -0.172325 0.430678 -2 -0.172325
1 -0.0784934 0.229076 2 -0.0784934 0.229076
-0.909091 -0.65384 1 -0.909091 -0.65384 2
0.750288 -0.158431 1 0.750288 -0.158431 2
0.935843 1 -0.72113 0.935843 2 -0.72113
-0.673323 -1 0.459967 -0.673323 -2 0.459967
0.683922 -1 0.362073 0.683922 -2 0.362073
0.241369 -0.695111 -1 0.241369 -0.695111 -2
-0.780252 1 0.344373 -0.780252 2 0.344373
-0.712491 1 0.506919 -0.712491 2 0.506919
-0.27411 1 0.451733 -0.27411 2 0.451733
-0.972047 1 -0.653973 -0.972047 2 -0.653973
0.235054 -1 -0.217942 0.235054 -2 -0.217942
-0.0156717 0.954365 1 -0.0156717 0.954365 2
0.143797 0.1842 1 0.143797 0.1842 2
-0.999323 -0.52734 1 -0.999323 -0.52734 2
1 0.123612 0.812154 2 0.123612 0.812154
-0.720259 -1 -0.518551 -0.720259 -2 -0.518551
-0.491592 0.520021 -1 -0.491592 0.520021 -2
-0.499156 -0.231183 1 -0.499156 -0.231183 2
1 -0.540615 0.924171 2 -0.540615 0.924171
-0.896757 -0.608741 1 -0.896757 -0.608741 2
0.931038 -0.109435 1 0.931038 -0.109435 2
0.692793 -0.542748 1 0.692793 -0.542748 2
-0.388829 -1 -0.442012 -0.388829 -2 -0.442012
-0.474882 -0.651669 -1 -0.474882 -0.651669 -2
-1 0.569631 0.219534 -2 0.569631 0.219534
0.0696417 0.362153 -1 0.0696417 0.362153 -2
-0.477474 0.189822 -1 -0.477474 0.189822 -2
0.976482 -1 -0.286205 0.976482 -2 -0.286205
-0.112736 0.331443 -1 -0.112736 0.331443 -2
-0.163612 1 0.420683 -0.163612 2 0.420683
-0.205237 -0.587237 -1 -0.205237 -0.587237 -2
-1 -0.445608 -0.674358 -2 -0.445608 -0.674358
0.459494 -1 0.908999 0.459494 -2 0.908999
-0.0365362 0.0948931 -1 -0.0365362 0.0948931 -2
-0.58688 0.0386966 -1 -0.58688 0.0386966 -2
-0.049845 0.881542 -1 -0.049845 0.881542 -2
1 0.803491 0.08061 2 0.803491 0.08061
0.283854 1 0.804812 0.283854 2 0.804812
1 -0.947722 0.47593 2 -0.947722 0.47593
-0.11068 -1 0.25847 -0.11068 -2 0.25847
-0.268898 -0.183084 -1 -0.268898 -0.183084 -2
1 0.988539 0.358597 2 0.988539 0.358597
1 0.017143 0.260724 2 0.017143 0.260724
1 -0.186667 -0.507147 2 -0.186667 -0.507147
-0.505906 0.0381065 -1 -0.505906 0.0381065 -2
0.982854 -0.820969 -1 0.982854 -0.820969 -2
1 0.5948 0.847826 2 0.5948 0.847826
0.757673 -0.0285865 1 0.757673 -0.0285865 2
0.123914 -0.254299 1 0.123914 -0.254299 2
0.0945 -1 -0.644529 0.0945 -2 -0.644529
-0.342783 -0.494958 1 -0.342783 -0.494958 2
-0.225128 0.948428 1 -0.225128 0.948428 2
1 0.541603 0.255345 2 0.541603 0.255345
-1 0.703784 -0.503949 -2 0.703784 -0.503949
0.687309 -0.706813 1 0.687309 -0.706813 2
-0.40038 1 -0.815998 -0.40038 2 -0.815998
0.961059 -0.52682 -1 0.961059 -0.52682 -2
0.131286 -1 0.999219 0.131286 -2 0.999219
-0.839123 1 -0.116245 -0.839123 2 -0.116245
-0.956136 -0.127556 -1 -0.956136 -0.127556 -2
-1 0.706119 0.262806 -2 0.706119 0.262806
-0.356928 -0.243417 -1 -0.356928 -0.243417 -2
1 0.177419 0.644007 2 0.177419 0.644007
0.457797 -1 -0.351438 0.457797 -2 -0.351438
0.763162 -1 0.226254 0.763162 -2 0.226254
1 0.688133 -0.855319 2 0.688133 -0.855319
0.918691 0.356495 1 0.918691 0.356495 2
0.0141797 0.279451 -1 0.0141797 0.279451 -2
0.188608 0.992812 -1 0.188608 0.992812 -2
-0.504595 -0.377291 -1 -0.504595 -0.377291 -2
-1 0.223649 -0.873038 -2 0.223649 -0.873038
1 0.889956 -0.624714 2 0.889956 -0.624714
0.117266 0.596568 -1 0.117266 0.596568 -2
0.763538 -1 0.551777 0.763538 -2 0.551777
-1 0.989915 0.500453 -2 0.989915 0.500453
0.683647 1 -0.0486502 0.683647 2 -0.0486502
-0.280694 -0.912706 1 -0.280694 -0.912706 2
-0.389617 -1 0.213863 -0.389617 -2 0.213863
0.795822 0.612085 -1 0.795822 0.612085 -2
-0.584723 -1 -0.111704 -0.584723 -2 -0.111704
0.267418 -0.490453 -1 0.267418 -0.490453 -2
0.688003 0.857073 -1 0.688003 0.857073 -2
-1 -0.533617 0.886272 -2 -0.533617 0.886272
-0.767556 1 -0.141823 -0.767556 2 -0.141823
-1 -0.551506 -0.839168 -2 -0.551506 -0.839168
-1 -0.134694 -0.199768 -2 -0.134694 -0.199768
-1 0.954906 0.896708 -2 0.954906 0.896708
1 -0.952587 -0.748917 2 -0.952587 -0.748917
-0.74829 0.99121 -1 -0.74829 0.99121 -2
-0.414062 -0.859112 -1 -0.414062 -0.859112 -2
-0.0168425 -0.0885027 1 -0.0168425 -0.0885027 2
-0.850943 0.651484 -1 -0.850943 0.651484 -2
-0.568737 -1 -0.173584 -0.568737 -2 -0.173584
1 -0.14218 0.45708 2 -0.14218 0.45708
1 -0.693832 -0.933995 2 -0.693832 -0.933995
-1 -0.821171 -0.584354 -2 -0.821171 -0.584354
1 0.84834 -0.10629 2 0.84834 -0.10629
-0.247614 -1 -0.901647 -0.247614 -2 -0.901647
0.303944 -0.382921 -1 0.303944 -0.382921 -2
-1 -0.419768 -0.954298 -2 -0.419768 -0.954298
-1 0.176787 0.863944 -2 0.176787 0.863944
1 -0.321368 -0.545441 2 -0.321368 -0.545441
-0.0969049 1 0.60072 -0.0969049 2 0.60072
0.305924 0.532379 1 0.305924 0.532379 2
1 0.225026 0.228939 2 0.225026 0.228939
1 0.775456 0.922189 2 0.775456 0.922189
-0.688492 0.355326 -1 -0.688492 0.355326 -2
0.282199 1 -0.910479 0.282199 2 -0.910479
0.861464 1 -0.617407 0.861464 2 -0.617407
1 -0.866261 -0.858162 2 -0.866261 -0.858162
0.24601 -0.0576507 1 0.24601 -0.0576507 2
0.315963 -0.383328 -1 0.315963 -0.383328 -2
-0.95469 -1 -0.731543 -0.95469 -2 -0.731543
-0.506392 1 0.975041 -0.506392 2 0.975041
-0.746305 -1 -0.889351 -0.746305 -2 -0.889351
0.518855 1 -0.387934 0.518855 2 -0.387934
1 0.874626 -0.2888 2 0.874626 -0.2888
-0.470281 -0.0191307 1 -0.470281 -0.0191307 2
0.796056 1 0.687631 0.796056 2 0.687631
0.589553 -1 0.201302 0.589553 -2 0.201302
0.191044 -0.880195 -1 0.191044 -0.880195 -2
-1 0.711464 0.432225 -2 0.711464 0.432225
0.0213264 -0.545714 1 0.0213264 -0.545714 2
-0.30617 0.486595 -1 -0.30617 0.486595 -2
-1 -0.71383 -0.627422 -2 -0.71383 -0.627422
0.740851 -0.77688 1 0.740851 -0.77688 2
-1 0.0440347 0.369886 -2 0.0440347 0.369886
-0.850162 -0.519268 -1 -0.850162 -0.519268 -2
1 -0.439296 0.414258 2 -0.439296 0.414258
-0.778969 1 0.836044 -0.778969 2 0.836044
-0.47429 1 -0.614074 -0.47429 2 -0.614074
1 0.114451 0.83524 2 0.114451 0.83524
-1 -0.455839 -0.7078 -2 -0.455839 -0.7078
1 -0.611199 0.166515 2 -0.611199 0.166515
-0.764672 0.815816 -1 -0.764672 0.815816 -2
1 0.312837 -0.829479 2 0.312837 -0.829479
-0.0303505 1 0.912956 -0.0303505 2 0.912956
1 -0.64208 -0.0379222 2 -0.64208 -0.0379222
-0.910039 0.328132 1 -0.910039 0.328132 2
-0.666552 -0.554002 -1 -0.666552 -0.554002 -2
0.271444 -0.154001 -1 0.271444 -0.154001 -2
1 -0.1381 0.302382 2 -0.1381 0.302382
0.405778 0.0839597 -1 0.405778 0.0839597 -2
-0.0449122 0.943655 -1 -0.0449122 0.943655 -2
1 -0.879718 -0.872798 2 -0.879718 -0.872798
0.143794 0.447593 -1 0.143794 0.447593 -2
0.222198 1 -0.481047 0.222198 2 -0.481047
0.362485 0.625498 -1 0.362485 0.625498 -2
1 -0.811818 0.307658 2 -0.811818 0.307658
1 0.286477 0.355787 2 0.286477 0.355787
1 -0.859142 0.880042 2 -0.859142 0.880042
-0.620473 0.00847094 -1 -0.620473 0.00847094 -2
1 -0.261504 -0.359525 2 -0.261504 -0.359525
0.0264889 1 0.48364 0.0264889 2 0.48364
-1 -0.737856 -0.373021 -2 -0.737856 -0.373021
0.653225 0.686699 1 0.653225 0.686699 2
0.42201 -1 0.145967 0.42201 -2 0.145967
-0.984786 -0.706671 1 -0.984786 -0.706671 2
0.28089 0.197237 1 0.28089 0.197237 2
-1 -0.097479 0.741724 -2 -0.097479 0.741724
-1 0.782611 0.651206 -2 0.782611 0.651206
1 0.807757 -0.215016 2 0.807757 -0.215016
-1 -0.418715 -0.651425 -2 -0.418715 -0.651425
1 -0.797952 -0.977841 2 -0.797952 -0.977841
0.561285 -0.923002 1 0.561285 -0.923002 2
-1 0.455075 0.950705 -2 0.455075 0.950705
0.144152 1 -0.76204 0.144152 2 -0.76204
-1 -0.641698 -0.974782 -2 -0.641698 -0.974782
-0.671924 -0.70029 1 -0.671924 -0.70029 2
-0.749717 0.972766 -1 -0.749717 0.972766 -2
-0.522948 -0.355297 1 -0.522948 -0.355297 2
-1 -0.278878 -0.900205 -2 -0.278878 -0.900205
-1 -0.145062 0.763497 -2 -0.145062 0.763497
1 -0.47154 -0.639312 2 -0.47154 -0.639312
0.000174394 -0.0687799 1 0.000174394 -0.0687799 2
-0.874684 -1 0.397743 -0.874684 -2 0.397743
-1 -0.0537504 -0.617653 -2 -0.0537504 -0.617653
-0.106894 -0.106087 -1 -0.106894 -0.106087 -2
0.510294 0.0256129 1 0.510294 0.0256129 2
-0.725661 0.0195308 -1 -0.725661 0.0195308 -2
-0.0427985 0.841204 -1 -0.0427985 0.841204 -2
-0.463348 -0.503135 -1 -0.463348 -0.503135 -2
0.974355 -1 -0.0338487 0.974355 -2 -0.0338487
0.509215 0.671794 -1 0.509215 0.671794 -2
0.620235 -1 -0.0937579 0.620235 -2 -0.0937579
-0.430088 -1 0.459596 -0.430088 -2 0.459596
1 0.663057 0.782016 2 0.663057 0.782016
-1 0.84558 0.334617 -2 0.84558 0.334617
0.138595 0.55488 1 0.138595 0.55488 2
0.114254 -0.275042 -1 0.114254 -0.275042 -2
1 -0.35073 -0.292238 2 -0.35073 -0.292238
0.714271 -0.758512 -1 0.714271 -0.758512 -2
0.372056 0.691713 1 0.372056 0.691713 2
-0.602985 -0.141457 -1 -0.602985 -0.141457 -2
1 -0.970699 -0.5346 2 -0.970699 -0.5346
0.706394 -0.365067 -1 0.706394 -0.365067 -2
-0.707071 0.322126 -1 -0.707071 0.322126 -2
-1 0.282642 -0.369526 -2 0.282642 -0.369526
0.665393 1 0.708095 0.665393 2 0.708095
-0.19667 -0.0220845 -1 -0.19667 -0.0220845 -2
-0.844969 -0.330072 -1 -0.844969 -0.330072 -2
1 0.724443 0.928499 2 0.724443 0.928499
-1 0.3324 -0.642423 -2 0.3324 -0.642423
-0.624897 -0.413243 1 -0.624897 -0.413243 2
0.116592 0.816582 -1 0.116592 0.816582 -2
0.444255 1 -0.587206 0.444255 2 -0.587206
0.145916 -1 0.244413 0.145916 -2 0.244413
-0.320752 1 -0.153577 -0.320752 2 -0.153577
1 0.485664 0.628281 2 0.485664 0.628281
-0.0145651 -1 0.30535 -0.0145651 -2 0.30535
-0.701994 1 -0.0933902 -0.701994 2 -0.0933902
-1 -0.248391 0.359992 -2 -0.248391 0.359992
0.219928 -0.451213 1 0.219928 -0.451213 2
0.962506 -1 0.806404 0.962506 -2 0.806404
-1 -0.966326 -0.935386 -2 -0.966326 -0.935386
-0.0795955 -0.8404 1 -0.0795955 -0.8404 2
-0.673474 -1 0.845283 -0.673474 -2 0.845283
-0.860197 0.285825 -1 -0.860197 0.285825 -2
-0.0145139 0.245656 -1 -0.0145139 0.245656 -2
0.675667 -0.386421 1 0.675667 -0.386421 2
-0.447987 -1 -0.760443 -0.447987 -2 -0.760443
0.573673 -1 -0.712444 0.573673 -2 -0.712444
0.0288486 -0.112573 1 0.0288486 -0.112573 2
-0.0950394 -0.422561 1 -0.0950394 -0.422561 2
-1 -0.406345 -0.552788 -2 -0.406345 -0.552788
-0.123025 1 0.029205 -0.123025 2 0.029205
0.412384 -1 0.349338 0.412384 -2 0.349338
-0.438274 -0.249156 1 -0.438274 -0.249156 2
-0.535916 1 0.495149 -0.535916 2 0.495149
1 -0.627685 0.277065 2 -0.627685 0.277065
-0.692157 -1 -0.772041 -0.692157 -2 -0.772041
0.466231 -0.582537 1 0.466231 -0.582537 2
-1 -0.542174 0.994316 -2 -0.542174 0.994316
0.83961 0.66709 -1 0.83961 0.66709 -2
0.598812 -0.175141 1 0.598812 -0.175141 2
0.633827 1 0.653834 0.633827 2 0.653834
-1 0.739958 -0.468569 -2 0.739958 -0.468569
1 -0.290206 0.193389 2 -0.290206 0.193389
0.232438 -1 0.708857 0.232438 -2 0.708857
-0.85092 -1 0.227218 -0.85092 -2 0.227218
1 -0.693659 0.470441 2 -0.693659 0.470441
0.19837 -0.803427 1 0.19837 -0.803427 2
-0.169928 0.153548 -1 -0.169928 0.153548 -2
-0.919665 0.322351 -1 -0.919665 0.322351 -2
0.43571 -1 0.91852 0.43571 -2 0.91852
-1 0.655412 0.488082 -2 0.655412 0.488082
0.395472 1 -0.69443 0.395472 2 -0.69443
-0.0445216 1 0.253627 -0.0445216 2 0.253627
-0.738597 -0.112766 1 -0.738597 -0.112766 2
0.552199 -1 0.352939 0.552199 -2 0.352939
1 0.200901 -0.262983 2 0.200901 -0.262983
0.814821 0.518446 1 0.814821 0.518446 2
1 -0.0977697 -0.313564 2 -0.0977697 -0.313564
0.861649 1 0.262658 0.861649 2 0.262658
0.734972 0.40612 1 0.734972 0.40612 2
1 0.407798 -0.724949 2 0.407798 -0.724949
-0.0957359 -1 -0.129628 -0.0957359 -2 -0.129628
0.927671 -0.702085 1 0.927671 -0.702085 2
-0.957873 1 -0.718108 -0.957873 2 -0.718108
-0.210853 -1 0.1797 -0.210853 -2 0.1797
0.610339 1 0.0355468 0.610339 2 0.0355468
-0.549958 -0.85222 -1 -0.549958 -0.85222 -2
-0.374751 0.585711 -1 -0.374751 0.585711 -2
-0.253011 0.865109 -1 -0.253011 0.865109 -2
-0.193929 -1 -0.552894 -0.193929 -2 -0.552894
-0.927814 0.620392 1 -0.927814 0.620392 2
-0.97383 -0.190265 -1 -0.97383 -0.190265 -2
0.802674 0.924924 1 0.802674 0.924924 2
-1 -0.439302 0.880804 -2 -0.439302 0.880804
-0.23973 0.804781 -1 -0.23973 0.804781 -2
0.567312 0.616704 -1 0.567312 0.616704 -2
0.40743 0.323045 -1 0.40743 0.323045 -2
0.595683 1 0.939291 0.595683 2 0.939291
-0.325267 -0.164405 -1 -0.325267 -0.164405 -2
0.124604 -1 0.260955 0.124604 -2 0.260955
0.167206 0.666419 -1 0.167206 0.666419 -2
-0.238216 0.524795 -1 -0.238216 0.524795 -2
0.982791 -0.251705 1 0.982791 -0.251705 2
-0.394837 -1 0.404617 -0.394837 -2 0.404617
1 -0.127031 0.45339 2 -0.127031 0.45339
1 -0.63521 -0.368023 2 -0.63521 -0.368023
-0.533093 -1 0.537427 -0.533093 -2 0.537427
-1 -0.00770914 -0.00136885 -2 -0.00770914 -0.00136885
0.282749 -1 -0.558977 0.282749 -2 -0.558977
0.969653 0.929176 1 0.969653 0.929176 2
-0.914674 -1 0.731416 -0.914674 -2 0.731416
0.0118145 0.980427 -1 0.0118145 0.980427 -2
-1 -0.178372 -0.0264861 -2 -0.178372 -0.0264861
-0.875017 -0.606846 -1 -0.875017 -0.606846 -2
-0.598455 0.604141 -1 -0.598455 0.604141 -2
0.977927 1 -0.0169958 0.977927 2 -0.0169958
-0.0943078 0.966508 1 -0.0943078 0.966508 2
-0.222067 0.999094 -1 -0.222067 0.999094 -2
-0.980743 1 -0.539028 -0.980743 2 -0.539028
-1 0.88221 0.69067 -2 0.88221 0.69067
-0.986893 0.952285 -1 -0.986893 0.952285 -2
0.400791 1 -0.0934811 0.400791 2 -0.0934811
0.473309 0.370968 1 0.473309 0.370968 2
1 -0.245993 0.000609626 2 -0.245993 0.000609626
-1 -0.0625085 0.782659 -2 -0.0625085 0.782659
1 0.430671 -0.289884 2 0.430671 -0.289884
-0.218682 0.695906 -1 -0.218682 0.695906 -2
0.105793 1 -0.0588933 0.105793 2 -0.0588933
-1 -0.384197 -0.809221 -2 -0.384197 -0.809221
-1 0.582374 0.967253 -2 0.582374 0.967253
-1 -0.476453 0.48956 -2 -0.476453 0.48956
0.472229 -1 0.220773 0.472229 -2 0.220773
-0.104183 -0.109634 1 -0.104183 -0.109634 2
1 -0.129817 -0.961228 2 -0.129817 -0.961228
-0.0118801 0.584995 1 -0.0118801 0.584995 2
1 -0.161433 -0.363214 2 -0.161433 -0.363214
0.241587 0.750669 -1 0.241587 0.750669 -2
-0.622714 1 -0.0660175 -0.622714 2 -0.0660175
-0.576745 1 -0.643678 -0.576745 2 -0.643678
0.877649 1 -0.652704 0.877649 2 -0.652704
1 -0.88877 -0.85114 2 -0.88877 -0.85114
-1 -0.68693 -0.759089 -2 -0.68693 -0.759089
0.289531 1 -0.139293 0.289531 2 -0.139293
-0.219747 0.704957 1 -0.219747 0.704957 2
-0.207474 -0.227225 1 -0.207474 -0.227225 2
0.451879 -0.724766 -1 0.451879 -0.724766 -2
-0.382526 0.792635 -1 -0.382526 0.792635 -2
1 0.757178 -0.345006 2 0.757178 -0.345006
-0.484566 -1 0.261111 -0.484566 -2 0.261111
1 0.968138 -0.538218 2 0.968138 -0.538218
-0.957383 0.752244 1 -0.957383 0.752244 2
-1 -0.706266 0.948256 -2 -0.706266 0.948256
0.105238 -0.729125 -1 0.105238 -0.729125 -2
0.454562 0.182105 -1 0.454562 0.182105 -2
1 -0.411462 -0.856964 2 -0.411462 -0.856964
0.651084 -0.769322 -1 0.651084 -0.769322 -2
-1 -0.203091 0.894502 -2 -0.203091 0.894502
-0.334476 1 -0.469313 -0.334476 2 -0.469313
-1 -0.725308 -0.367071 -2 -0.725308 -0.367071
0.349186 0.543562 1 0.349186 0.543562 2
1 -0.562752 0.451512 2 -0.562752 0.451512
1 -0.868134 -0.802233 2 -0.868134 -0.802233
-0.233345 -0.103358 -1 -0.233345 -0.103358 -2
-0.740174 -1 -0.452505 -0.740174 -2 -0.452505
1 0.817917 0.555502 2 0.817917 0.555502
0.319531 -0.364512 -1 0.319531 -0.364512 -2
-1 -0.384402 0.921503 -2 -0.384402 0.921503
0.661014 1 0.337251 0.661014 2 0.337251
0.0778632 -1 0.550004 0.0778632 -2 0.550004
-0.904458 -1 -0.347063 -0.904458 -2 -0.347063
-1 -0.924792 0.902075 -2 -0.924792 0.902075
-1 0.288614 -0.73224 -2 0.288614 -0.73224
-0.0893176 1 0.976137 -0.0893176 2 0.976137
-1 -0.30507 -0.680849 -2 -0.30507 -0.680849
0.322737 -0.247155 -1 0.322737 -0.247155 -2
0.830837 0.128472 -1 0.830837 0.128472 -2
-0.737728 1 0.593661 -0.737728 2 0.593661
-0.108673 0.465903 -1 -0.108673 0.465903 -2
0.931329 -1 0.775793 0.931329 -2 0.775793
-1 0.406266 -0.105569 -2 0.406266 -0.105569
-0.83698 -0.52831 -1 -0.83698 -0.52831 -2
-1 -0.477959 0.524662 -2 -0.477959 0.524662
1 -0.496303 0.778158 2 -0.496303 0.778158
0.303742 1 0.880492 0.303742 2 0.880492
1 0.774474 0.352816 2 0.774474 0.352816
1 0.0852565 0.301298 2 0.0852565 0.301298
-0.2458 -0.845484 -1 -0.2458 -0.845484 -2
-1 0.433165 -0.196619 -2 0.433165 -0.196619
0.959162 -1 0.592933 0.959162 -2 0.592933
-1 0.74017 0.854221 -2 0.74017 0.854221
0.568799 0.203189 -1 0.568799 0.203189 -2
1 -0.889807 0.935735 2 -0.889807 0.935735
1 -0.989726 0.161063 2 -0.989726 0.161063
1 0.954481 -0.0841806 2 0.954481 -0.0841806
-0.210087 0.0731963 1 -0.210087 0.0731963 2
1 0.804353 0.988588 2 0.804353 0.988588
-0.175607 -0.608124 1 -0.175607 -0.608124 2
-0.29878 -1 -0.105414 -0.29878 -2 -0.105414
-0.232363 -0.560782 1 -0.232363 -0.560782 2
0.00315183 -0.972804 -1 0.00315183 -0.972804 -2
0.206126 -1 -0.4386 0.206126 -2 -0.4386
0.239206 0.872717 1 0.239206 0.872717 2
-1 -0.710649 0.727409 -2 -0.710649 0.727409
-0.967265 1 0.65231 -0.967265 2 0.65231
-1 -0.885171 -0.929424 -2 -0.885171 -0.929424
0.205875 -1 -0.657217 0.205875 -2 -0.657217
0 0 0 0 0 0
