-0.503453 1 -0.0655345 -0.503453 2 -0.0655345
-0.358593 -1 0.357729 -0.358593 -2 0.357729
0.232996 0.0388327 -1 0.232996 0.0388327 -2
1 -0.893077 0.930856 2 -0.893077 0.930856
-0.342299 -0.357695 1 -0.342299 -0.357695 2
0.866316 -1 0.0313436 0.866316 -2 0.0313436
-1 0.0388263 0.177953 -2 0.0388263 0.177953
-0.0538576 1 -0.81607 -0.0538576 2 -0.81607
-1 -0.168001 -0.402381 -2 -0.168001 -0.402381
0.475094 -1 0.380165 0.475094 -2 0.380165
0.265277 0.343532 1 0.265277 0.343532 2
1 0.982075 -0.287248 2 0.982075 -0.287248
-0.506712 0.445321 1 -0.506712 0.445321 2
0.263269 -1 0.0326837 0.263269 -2 0.0326837
0.0445365 0.53299 1 0.0445365 0.53299 2
0.28147 1 -0.666986 0.28147 2 -0.666986
-0.818416 -1 -0.939545 -0.818416 -2 -0.939545
-1 -0.67065 -0.0325839 -2 -0.67065 -0.0325839
0.467711 0.286245 1 0.467711 0.286245 2
-0.00141419 -0.769698 1 -0.00141419 -0.769698 2
-0.0594948 1 -0.0711084 -0.0594948 2 -0.0711084
1 -0.540409 0.523029 2 -0.540409 0.523029
-0.408646 0.968265 -1 -0.408646 0.968265 -2
0.472449 -0.450824 -1 0.472449 -0.450824 -2
1 0.53361 -0.0790334 2 0.53361 -0.0790334
-1 0.182227 -0.691963 -2 0.182227 -0.691963
-0.369424 0.461365 -1 -0.369424 0.461365 -2
0.425575 -1 0.0689198 0.425575 -2 0.0689198
-0.604811 -1 -0.670919 -0.604811 -2 -0.670919
0.910722 0.407307 1 0.910722 0.407307 2
-1 -0.0662222 0.249699 -2 -0.0662222 0.249699
-0.42942 -0.739145 -1 -0.42942 -0.739145 -2
-0.171413 -1 0.994001 -0.171413 -2 0.994001
-1 0.875795 0.520178 -2 0.875795 0.520178
-0.304117 -1 0.773981 -0.304117 -2 0.773981
0.228371 -1 -0.54708 0.228371 -2 -0.54708
-1 0.174373 -0.691151 -2 0.174373 -0.691151
-0.408595 -0.112292 -1 -0.408595 -0.112292 -2
0.129797 0.71636 1 0.129797 0.71636 2
-0.92219 -0.0719389 1 -0.92219 -0.0719389 2
-0.897038 1 0.361501 -0.897038 2 0.361501
-0.606146 0.243268 1 -0.606146 0.243268 2
-1 0.221372 -0.593499 -2 0.221372 -0.593499
1 -0.715958 0.147005 2 -0.715958 0.147005
-0.737623 -0.771297 -1 -0.737623 -0.771297 -2
0.857873 -0.269322 -1 0.857873 -0.269322 -2
0.0893854 -1 0.566306 0.0893854 -2 0.566306
1 0.617889 0.481238 2 0.617889 0.481238
0.359185 1 -0.817844 0.359185 2 -0.817844
-0.954436 0.0574753 -1 -0.954436 0.0574753 -2
-1 -0.563823 0.511687 -2 -0.563823 0.511687
-0.121339 -0.649395 -1 -0.121339 -0.649395 -2
0.883121 1 0.974291 0.883121 2 0.974291
0.0748515 -1 -0.896279 0.0748515 -2 -0.896279
1 0.153433 -0.0934353 2 0.153433 -0.0934353
-0.431285 -1 0.738527 -0.431285 -2 0.738527
-1 -0.483432 -0.961815 -2 -0.483432 -0.961815
-1 -0.0570332 0.0733545 -2 -0.0570332 0.0733545
1 0.335358 -0.300544 2 0.335358 -0.300544
0.511803 1 0.731765 0.511803 2 0.731765
-0.12058 -0.0993051 -1 -0.12058 -0.0993051 -2
0.368535 0.0293189 -1 0.368535 0.0293189 -2
-0.0649364 -1 -0.451637 -0.0649364 -2 -0.451637
-1 -0.694558 0.998233 -2 -0.694558 0.998233
0.997052 0.99881 -1 0.997052 0.99881 -2
0.361645 1 -0.164553 0.361645 2 -0.164553
-0.589476 1 -0.67284 -0.589476 2 -0.67284
0.810902 1 -0.836525 0.810902 2 -0.836525
0.572296 1 -0.572906 0.572296 2 -0.572906
1 -0.89509 0.904319 2 -0.89509 0.904319
1 -0.43193 -0.384338 2 -0.43193 -0.384338
-1 0.15508 -0.435688 -2 0.15508 -0.435688
-0.966472 -1 -0.616352 -0.966472 -2 -0.616352
-0.0691973 0.72709 -1 -0.0691973 0.72709 -2
1 -0.656709 -0.972172 2 -0.656709 -0.972172
-0.796725 0.532802 1 -0.796725 0.532802 2
0.392015 -0.0184458 1 0.392015 -0.0184458 2
-0.26686 0.339041 1 -0.26686 0.339041 2
0.545985 -0.0915712 1 0.545985 -0.0915712 2
-1 -0.422612 0.525141 -2 -0.422612 0.525141
1 -0.405979 -0.340667 2 -0.405979 -0.340667
-0.720451 -1 -0.0293496 -0.720451 -2 -0.0293496
-0.889992 1 0.477993 -0.889992 2 0.477993
0.176238 0.378522 1 0.176238 0.378522 2
0.482314 -0.259547 -1 0.482314 -0.259547 -2
0.0482076 -0.727455 1 0.0482076 -0.727455 2
0.260516 1 -0.492155 0.260516 2 -0.492155
-0.514911 0.0278727 -1 -0.514911 0.0278727 -2
-1 -0.198279 -0.0786053 -2 -0.198279 -0.0786053
-0.322711 -1 0.0342906 -0.322711 -2 0.0342906
-0.726207 1 0.973005 -0.726207 2 0.973005
-0.870964 1 0.0834203 -0.870964 2 0.0834203
0.451581 -0.834377 1 0.451581 -0.834377 2
-0.940173 -0.466773 1 -0.940173 -0.466773 2
0.388047 -0.700449 1 0.388047 -0.700449 2
-1 -0.735398 0.678502 -2 -0.735398 0.678502
1 -0.50342 0.164842 2 -0.50342 0.164842
-0.933251 1 -0.440977 -0.933251 2 -0.440977
0.00861785 -0.840166 -1 0.00861785 -0.840166 -2
1 0.565984 0.0593423 2 0.565984 0.0593423
-0.793469 1 0.169574 -0.793469 2 0.169574
-0.211115 0.220537 -1 -0.211115 0.220537 -2
1 -0.41864 0.318107 2 -0.41864 0.318107
-0.624316 1 0.631864 -0.624316 2 0.631864
0.981305 1 -0.792405 0.981305 2 -0.792405
0.448072 0.55863 -1 0.448072 0.55863 -2
-0.958428 0.447527 -1 -0.958428 0.447527 -2
1 0.0856762 -0.954301 2 0.0856762 -0.954301
-0.760751 -0.428115 -1 -0.760751 -0.428115 -2
0.362329 -1 -0.975321 0.362329 -2 -0.975321
-0.0881011 -0.0847863 -1 -0.0881011 -0.0847863 -2
0.244899 1 -0.0206966 0.244899 2 -0.0206966
-0.568802 0.358664 -1 -0.568802 0.358664 -2
0.946711 -1 -0.676737 0.946711 -2 -0.676737
-0.215223 -1 -0.467089 -0.215223 -2 -0.467089
-1 -0.28615 -0.676203 -2 -0.28615 -0.676203
0.496945 -1 -0.351727 0.496945 -2 -0.351727
-0.989593 1 -0.510828 -0.989593 2 -0.510828
-0.858247 0.47276 -1 -0.858247 0.47276 -2
0.772649 -1 -0.321301 0.772649 -2 -0.321301
-0.937465 1 0.198719 -0.937465 2 0.198719
-0.576967 -0.24938 -1 -0.576967 -0.24938 -2
0.940729 -0.839294 -1 0.940729 -0.839294 -2
0.499689 -1 0.868061 0.499689 -2 0.868061
-0.501586 1 -8.9338e-05 -0.501586 2 -8.9338e-05
1 -0.927265 -0.51354 2 -0.927265 -0.51354
1 -0.305244 0.125204 2 -0.305244 0.125204
-1 0.0830146 0.550398 -2 0.0830146 0.550398
-0.807724 -0.488208 -1 -0.807724 -0.488208 -2
-0.75011 -0.898314 -1 -0.75011 -0.898314 -2
1 -0.82805 -0.863939 2 -0.82805 -0.863939
0.006836 -1 -0.100553 0.006836 -2 -0.100553
1 -0.869287 -0.543888 2 -0.869287 -0.543888
-0.341888 0.0645173 1 -0.341888 0.0645173 2
-1 0.589317 -0.657241 -2 0.589317 -0.657241
1 0.490085 0.929702 2 0.490085 0.929702
-0.372842 -0.0526757 -1 -0.372842 -0.0526757 -2
1 0.262876 0.683152 2 0.262876 0.683152
-1 -0.419355 0.427093 -2 -0.419355 0.427093
0.673196 0.0727779 1 0.673196 0.0727779 2
-0.935372 -0.211205 -1 -0.935372 -0.211205 -2
0.196616 -0.284265 1 0.196616 -0.284265 2
1 -0.420467 0.0552401 2 -0.420467 0.0552401
-0.0548782 0.604037 1 -0.0548782 0.604037 2
-0.91063 0.512499 -1 -0.91063 0.512499 -2
-0.0815366 0.837989 -1 -0.0815366 0.837989 -2
1 -0.993542 0.0173138 2 -0.993542 0.0173138
1 -0.626351 0.149618 2 -0.626351 0.149618
0.591711 1 -0.892089 0.591711 2 -0.892089
0.177409 1 0.872393 0.177409 2 0.872393
-1 0.651673 -0.668677 -2 0.651673 -0.668677
-0.132305 0.604169 -1 -0.132305 0.604169 -2
1 0.69337 -0.84076 2 0.69337 -0.84076
0.558969 -1 0.8583 0.558969 -2 0.8583
-0.187695 1 0.399382 -0.187695 2 0.399382
0.243268 -1 0.423143 0.243268 -2 0.423143
-0.061003 0.127808 1 -0.061003 0.127808 2
-1 0.110962 -0.931514 -2 0.110962 -0.931514
-0.183176 0.506348 1 -0.183176 0.506348 2
-1 -0.537213 0.535844 -2 -0.537213 0.535844
-0.933819 -1 0.974649 -0.933819 -2 0.974649
1 0.37679 0.0800088 2 0.37679 0.0800088
-0.200021 -0.0638505 -1 -0.200021 -0.0638505 -2
1 -0.145613 0.0830693 2 -0.145613 0.0830693
1 -0.689172 -0.642667 2 -0.689172 -0.642667
-0.806923 -1 0.779961 -0.806923 -2 0.779961
1 -0.713752 0.122967 2 -0.713752 0.122967
-1 -0.12873 0.47435 -2 -0.12873 0.47435
0.308257 0.341982 1 0.308257 0.341982 2
-1 0.842235 0.556687 -2 0.842235 0.556687
1 -0.947321 0.665374 2 -0.947321 0.665374
1 -0.845351 -0.427391 2 -0.845351 -0.427391
1 0.859396 -0.279712 2 0.859396 -0.279712
1 0.838472 0.0417475 2 0.838472 0.0417475
1 -0.677161 0.018366 2 -0.677161 0.018366
1 0.0628546 0.453498 2 0.0628546 0.453498
-1 -0.292338 0.805135 -2 -0.292338 0.805135
-0.866584 -0.00974932 -1 -0.866584 -0.00974932 -2
0.00454946 -1 0.697566 0.00454946 -2 0.697566
0.896767 1 0.0441269 0.896767 2 0.0441269
1 -0.785639 0.509715 2 -0.785639 0.509715
-0.222221 0.194337 1 -0.222221 0.194337 2
-1 -0.026297 -0.0266377 -2 -0.026297 -0.0266377
0.184925 -1 -0.788775 0.184925 -2 -0.788775
-1 -0.621691 -0.0683973 -2 -0.621691 -0.0683973
-0.532282 0.406739 -1 -0.532282 0.406739 -2
-0.194952 -0.173012 1 -0.194952 -0.173012 2
0.362982 0.00533689 1 0.362982 0.00533689 2
-1 -0.712632 -0.799042 -2 -0.712632 -0.799042
0.871872 0.990369 1 0.871872 0.990369 2
-0.537281 -0.442143 -1 -0.537281 -0.442143 -2
-0.167049 1 -0.404943 -0.167049 2 -0.404943
-0.53235 -0.800269 -1 -0.53235 -0.800269 -2
-0.405872 -0.515242 -1 -0.405872 -0.515242 -2
0.146366 0.888788 1 0.146366 0.888788 2
-0.948696 -0.771051 1 -0.948696 -0.771051 2
-0.655386 -0.26521 -1 -0.655386 -0.26521 -2
0.586051 0.884554 -1 0.586051 0.884554 -2
-1 0.767409 0.151733 -2 0.767409 0.151733
0.383345 1 -0.879715 0.383345 2 -0.879715
-0.802436 -1 0.838984 -0.802436 -2 0.838984
-0.144884 1 -0.937192 -0.144884 2 -0.937192
0.445604 0.723244 1 0.445604 0.723244 2
-0.221656 -1 -0.597865 -0.221656 -2 -0.597865
0.159924 -0.999801 1 0.159924 -0.999801 2
0.323831 -1 -0.0552666 0.323831 -2 -0.0552666
-0.758324 -1 -0.904062 -0.758324 -2 -0.904062
0.281241 0.101535 1 0.281241 0.101535 2
0.807143 -1 -0.542243 0.807143 -2 -0.542243
0.756384 1 -0.53872 0.756384 2 -0.53872
0.0270586 0.756826 1 0.0270586 0.756826 2
-0.859605 -0.234761 -1 -0.859605 -0.234761 -2
-0.241886 0.713396 -1 -0.241886 0.713396 -2
1 -0.951762 -0.218067 2 -0.951762 -0.218067
0.2752 -1 0.817381 0.2752 -2 0.817381
0.142253 -0.00476851 1 0.142253 -0.00476851 2
0.0985304 1 -0.000685339 0.0985304 2 -0.000685339
0.399757 -1 0.107365 0.399757 -2 0.107365
-1 -0.238693 0.944952 -2 -0.238693 0.944952
-0.936892 1 0.666948 -0.936892 2 0.666948
1 0.151358 0.321762 2 0.151358 0.321762
1 0.134245 -0.60216 2 0.134245 -0.60216
-1 0.141054 -0.702425 -2 0.141054 -0.702425
1 0.19452 0.396133 2 0.19452 0.396133
1 0.251501 0.586764 2 0.251501 0.586764
1 -0.29299 0.278116 2 -0.29299 0.278116
0.245272 -1 -0.470072 0.245272 -2 -0.470072
-0.710205 -1 -0.387177 -0.710205 -2 -0.387177
-0.661872 1 0.70873 -0.661872 2 0.70873
1 0.841659 0.988824 2 0.841659 0.988824
0.311089 -0.217178 1 0.311089 -0.217178 2
0.269239 -1 0.751219 0.269239 -2 0.751219
-0.0653789 0.246367 -1 -0.0653789 0.246367 -2
-1 -0.612823 0.976939 -2 -0.612823 0.976939
1 0.16888 -0.472343 2 0.16888 -0.472343
0.684088 -1 -0.852122 0.684088 -2 -0.852122
0.899914 1 -0.852299 0.899914 2 -0.852299
-1 -0.491847 0.663048 -2 -0.491847 0.663048
-0.0774429 1 0.637608 -0.0774429 2 0.637608
1 0.261919 -0.664198 2 0.261919 -0.664198
-0.899037 -1 0.188427 -0.899037 -2 0.188427
-0.728343 -1 0.496622 -0.728343 -2 0.496622
0.330616 -1 -0.00262811 0.330616 -2 -0.00262811
0.962168 0.964065 1 0.962168 0.964065 2
-0.0184088 1 0.935446 -0.0184088 2 0.935446
0.180917 -1 -0.144919 0.180917 -2 -0.144919
-0.25305 0.460896 -1 -0.25305 0.460896 -2
-0.328295 1 -0.353142 -0.328295 2 -0.353142
0.835935 1 0.446665 0.835935 2 0.446665
-0.672751 -0.167985 1 -0.672751 -0.167985 2
1 0.0523634 -0.875724 2 0.0523634 -0.875724
-1 -0.812243 -0.325786 -2 -0.812243 -0.325786
0.747933 -0.506053 -1 0.747933 -0.506053 -2
-0.99791 0.674084 -1 -0.99791 0.674084 -2
0.677357 -1 0.0206537 0.677357 -2 0.0206537
-1 -0.334696 -0.768787 -2 -0.334696 -0.768787
0.257506 -1 -0.833399 0.257506 -2 -0.833399
-0.58705 -0.297215 -1 -0.58705 -0.297215 -2
-0.15286 1 -0.88008 -0.15286 2 -0.88008
0.114753 -0.238087 1 0.114753 -0.238087 2
-0.188318 0.984839 1 -0.188318 0.984839 2
-0.886897 1 -0.0255763 -0.886897 2 -0.0255763
-0.783505 -0.377188 -1 -0.783505 -0.377188 -2
1 0.89424 -0.61716 2 0.89424 -0.61716
-1 -0.745825 -0.922872 -2 -0.745825 -0.922872
-0.578965 0.985984 -1 -0.578965 0.985984 -2
-1 0.282748 -0.1468 -2 0.282748 -0.1468
0.649254 -0.00370749 -1 0.649254 -0.00370749 -2
1 -0.763205 -0.0529087 2 -0.763205 -0.0529087
0.444828 -0.328587 1 0.444828 -0.328587 2
1 -0.753111 0.513997 2 -0.753111 0.513997
-1 -0.597567 -0.697391 -2 -0.597567 -0.697391
1 0.624042 -0.0978926 2 0.624042 -0.0978926
0.332728 -1 -0.505333 0.332728 -2 -0.505333
0.415819 1 -0.661781 0.415819 2 -0.661781
-0.19047 -0.773021 -1 -0.19047 -0.773021 -2
-0.399278 -1 -0.125519 -0.399278 -2 -0.125519
-1 -0.737425 0.698136 -2 -0.737425 0.698136
-0.853633 -0.0670641 1 -0.853633 -0.0670641 2
0.755558 1 -0.670801 0.755558 2 -0.670801
0.572864 -1 -0.294992 0.572864 -2 -0.294992
0.787914 0.25534 1 0.787914 0.25534 2
-0.572168 -1 0.484951 -0.572168 -2 0.484951
-0.583753 -1 -0.726698 -0.583753 -2 -0.726698
-0.151705 -0.287332 -1 -0.151705 -0.287332 -2
0.771787 -1 -0.810494 0.771787 -2 -0.810494
-0.770941 -1 -0.495938 -0.770941 -2 -0.495938
-0.235174 0.308219 1 -0.235174 0.308219 2
1 0.828736 0.96443 2 0.828736 0.96443
0.459967 0.123069 1 0.459967 0.123069 2
-0.31315 1 -0.884139 -0.31315 2 -0.884139
-0.305093 0.83869 -1 -0.305093 0.83869 -2
-0.013409 -0.634634 -1 -0.013409 -0.634634 -2
-0.301686 -1 0.295371 -0.301686 -2 0.295371
1 -0.48916 0.252305 2 -0.48916 0.252305
-1 0.496089 0.224115 -2 0.496089 0.224115
-0.216889 -0.748156 -1 -0.216889 -0.748156 -2
-1 0.224213 0.476275 -2 0.224213 0.476275
1 -0.0821725 0.8581 2 -0.0821725 0.8581
-0.762928 0.604964 -1 -0.762928 0.604964 -2
0.694875 -1 0.454521 0.694875 -2 0.454521
-1 0.788435 0.908959 -2 0.788435 0.908959
0.545023 -1 0.602336 0.545023 -2 0.602336
-0.310413 -0.892546 -1 -0.310413 -0.892546 -2
0.172841 1 -0.936323 0.172841 2 -0.936323
0.734238 0.0763974 1 0.734238 0.0763974 2
1 -0.179416 0.433878 2 -0.179416 0.433878
0.996853 -1 0.101225 0.996853 -2 0.101225
0.0269979 -1 0.955077 0.0269979 -2 0.955077
-1 -0.193319 0.587744 -2 -0.193319 0.587744
0.307746 -0.28878 -1 0.307746 -0.28878 -2
1 0.584501 0.974083 2 0.584501 0.974083
0.00475162 1 0.246133 0.00475162 2 0.246133
-1 0.1716 -0.0852006 -2 0.1716 -0.0852006
0.111625 1 0.836811 0.111625 2 0.836811
-1 0.683336 -0.826004 -2 0.683336 -0.826004
-1 0.222305 0.62656 -2 0.222305 0.62656
0.28419 1 -0.387852 0.28419 2 -0.387852
0.612733 -0.196891 -1 0.612733 -0.196891 -2
0.243111 1 0.035191 0.243111 2 0.035191
-1 -0.754317 0.971695 -2 -0.754317 0.971695
-0.376587 0.44197 -1 -0.376587 0.44197 -2
0.392135 1 -0.614707 0.392135 2 -0.614707
0.182747 -1 0.435522 0.182747 -2 0.435522
-0.265877 0.154118 1 -0.265877 0.154118 2
-0.307137 -0.25559 1 -0.307137 -0.25559 2
-1 -0.696338 -0.0592394 -2 -0.696338 -0.0592394
-1 -0.572111 0.201715 -2 -0.572111 0.201715
-1 -0.555178 -0.086242 -2 -0.555178 -0.086242
-0.998184 -1 1 -0.998184 -2 1
-0.593169 -0.601999 -1 -0.593169 -0.601999 -2
0.496614 0.0933805 1 0.496614 0.0933805 2
-0.21604 -1 0.495402 -0.21604 -2 0.495402
-0.402898 -0.109555 -1 -0.402898 -0.109555 -2
-0.635855 1 0.507399 -0.635855 2 0.507399
-0.828015 0.861267 -1 -0.828015 0.861267 -2
0.709199 -1 -0.77895 0.709199 -2 -0.77895
0.170055 -0.71904 1 0.170055 -0.71904 2
-0.227852 -1 0.84966 -0.227852 -2 0.84966
-0.241428 1 -0.313021 -0.241428 2 -0.313021
1 0.152309 0.221446 2 0.152309 0.221446
0.252054 -0.268712 -1 0.252054 -0.268712 -2
-0.997438 1 0.166231 -0.997438 2 0.166231
-0.127967 -1 0.37033 -0.127967 -2 0.37033
0.949076 -1 -0.930441 0.949076 -2 -0.930441
-1 0.0833877 0.984358 -2 0.0833877 0.984358
-0.881306 -1 0.0500316 -0.881306 -2 0.0500316
-0.403956 -0.120978 -1 -0.403956 -0.120978 -2
1 0.751431 -0.941219 2 0.751431 -0.941219
1 -0.946386 0.312545 2 -0.946386 0.312545
1 0.72163 0.154964 2 0.72163 0.154964
-0.704416 1 -0.874228 -0.704416 2 -0.874228
0.0666648 -1 -0.497798 0.0666648 -2 -0.497798
0.732278 -1 -0.870461 0.732278 -2 -0.870461
0.628449 1 -0.345478 0.628449 2 -0.345478
0.372027 -1 0.035062 0.372027 -2 0.035062
-1 0.668471 -0.992363 -2 0.668471 -0.992363
0.336547 0.603895 1 0.336547 0.603895 2
0.35319 1 -0.0660652 0.35319 2 -0.0660652
-1 0.740875 0.109758 -2 0.740875 0.109758
0.648663 0.883963 -1 0.648663 0.883963 -2
0.659307 -1 0.627158 0.659307 -2 0.627158
1 0.122266 0.277615 2 0.122266 0.277615
0.952278 1 -0.93992 0.952278 2 -0.93992
1 0.826447 -0.0787505 2 0.826447 -0.0787505
0.502055 1 0.628838 0.502055 2 0.628838
-0.54982 -0.0564939 -1 -0.54982 -0.0564939 -2
-1 -0.0259273 -0.239147 -2 -0.0259273 -0.239147
0.387665 0.990444 -1 0.387665 0.990444 -2
-0.812223 1 0.687065 -0.812223 2 0.687065
1 -0.154078 -0.73712 2 -0.154078 -0.73712
1 -0.816933 -0.0511205 2 -0.816933 -0.0511205
0.470422 1 -0.384282 0.470422 2 -0.384282
1 -0.290692 0.241345 2 -0.290692 0.241345
0.63129 -0.0896016 -1 0.63129 -0.0896016 -2
1 0.181885 0.851539 2 0.181885 0.851539
-0.970862 -1 0.130123 -0.970862 -2 0.130123
0.381763 -0.291347 -1 0.381763 -0.291347 -2
-0.282752 -0.240835 1 -0.282752 -0.240835 2
0.329794 -0.843572 -1 0.329794 -0.843572 -2
1 -0.494563 0.424257 2 -0.494563 0.424257
1 -0.996671 0.348843 2 -0.996671 0.348843
-1 -0.363247 -0.911031 -2 -0.363247 -0.911031
0.970978 0.767116 -1 0.970978 0.767116 -2
-1 0.570562 0.559219 -2 0.570562 0.559219
-0.513978 -1 0.124979 -0.513978 -2 0.124979
-1 0.764604 -0.703299 -2 0.764604 -0.703299
1 0.515666 0.319659 2 0.515666 0.319659
-0.5321 1 -0.99658 -0.5321 2 -0.99658
-0.400994 -0.90995 1 -0.400994 -0.90995 2
-0.142781 -0.28333 -1 -0.142781 -0.28333 -2
-0.636239 -0.909518 1 -0.636239 -0.909518 2
-0.621596 1 0.796072 -0.621596 2 0.796072
0.0880979 -0.661338 -1 0.0880979 -0.661338 -2
0.481006 0.950588 -1 0.481006 0.950588 -2
-0.0368746 1 -0.249126 -0.0368746 2 -0.249126
-0.651037 0.542858 -1 -0.651037 0.542858 -2
0.830454 1 0.553968 0.830454 2 0.553968
-1 -0.871001 0.896129 -2 -0.871001 0.896129
-0.000453702 0.460165 1 -0.000453702 0.460165 2
1 0.889295 0.26871 2 0.889295 0.26871
1 0.630664 -0.803681 2 0.630664 -0.803681
-0.795018 0.406366 -1 -0.795018 0.406366 -2
-0.516859 1 0.579872 -0.516859 2 0.579872
-1 -0.914929 0.613403 -2 -0.914929 0.613403
-1 -0.0442617 -0.0942337 -2 -0.0442617 -0.0942337
-1 -0.681942 0.956468 -2 -0.681942 0.956468
0.9394 1 -0.492568 0.9394 2 -0.492568
1 0.0935436 -0.719956 2 0.0935436 -0.719956
0.572361 0.322355 -1 0.572361 0.322355 -2
1 0.313702 -0.289224 2 0.313702 -0.289224
0.360971 0.556364 -1 0.360971 0.556364 -2
-1 0.892496 -0.180084 -2 0.892496 -0.180084
1 0.204013 0.976843 2 0.204013 0.976843
-0.236108 1 -0.0900307 -0.236108 2 -0.0900307
-0.744725 0.0371404 -1 -0.744725 0.0371404 -2
0.280215 1 0.882156 0.280215 2 0.882156
0.434475 -0.225234 -1 0.434475 -0.225234 -2
-0.108618 -1 -0.645789 -0.108618 -2 -0.645789
-0.67477 -0.29139 -1 -0.67477 -0.29139 -2
-0.296309 -0.171102 1 -0.296309 -0.171102 2
-0.24209 0.0601084 1 -0.24209 0.0601084 2
-0.567509 0.734371 1 -0.567509 0.734371 2
0.77191 0.987611 -1 0.77191 0.987611 -2
0.567595 0.603258 -1 0.567595 0.603258 -2
-1 -0.390331 -0.103843 -2 -0.390331 -0.103843
1 -0.834805 -0.459283 2 -0.834805 -0.459283
1 0.229562 -0.519681 2 0.229562 -0.519681
1 0.509146 0.713006 2 0.509146 0.713006
0.928393 -1 -0.570115 0.928393 -2 -0.570115
-1 0.437796 -0.0305809 -2 0.437796 -0.0305809
0.716953 0.175579 -1 0.716953 0.175579 -2
0.056294 1 0.91903 0.056294 2 0.91903
-0.61271 0.175321 1 -0.61271 0.175321 2
-0.0908705 -0.739802 -1 -0.0908705 -0.739802 -2
-0.362671 -0.585582 -1 -0.362671 -0.585582 -2
0.414255 -0.387877 -1 0.414255 -0.387877 -2
-1 -0.16741 -0.334263 -2 -0.16741 -0.334263
0.615479 -0.0212083 1 0.615479 -0.0212083 2
0.599195 1 -0.672127 0.599195 2 -0.672127
1 -0.743653 0.58611 2 -0.743653 0.58611
-0.505949 0.679985 1 -0.505949 0.679985 2
1 -0.216414 -0.480431 2 -0.216414 -0.480431
0.56042 -0.973458 -1 0.56042 -0.973458 -2
-0.0730614 0.554077 -1 -0.0730614 0.554077 -2
-0.669902 0.536788 -1 -0.669902 0.536788 -2
0.603198 -1 -0.441284 0.603198 -2 -0.441284
-0.691424 -0.101838 -1 -0.691424 -0.101838 -2
0.797278 -1 -0.344239 0.797278 -2 -0.344239
-0.316208 0.999922 -1 -0.316208 0.999922 -2
0.358085 -0.335247 -1 0.358085 -0.335247 -2
0.963977 -0.476639 1 0.963977 -0.476639 2
-1 0.70798 0.826375 -2 0.70798 0.826375
-1 0.562712 0.492677 -2 0.562712 0.492677
-1 0.408285 -0.0536193 -2 0.408285 -0.0536193
0.498691 0.783572 1 0.498691 0.783572 2
-0.884058 1 0.0637861 -0.884058 2 0.0637861
0.465674 0.795542 -1 0.465674 0.795542 -2
0.836871 -1 -0.865721 0.836871 -2 -0.865721
-1 0.542901 -0.541236 -2 0.542901 -0.541236
-0.890012 -0.162654 -1 -0.890012 -0.162654 -2
1 0.658984 -0.796745 2 0.658984 -0.796745
1 0.575414 0.760006 2 0.575414 0.760006
-0.467903 -0.150135 -1 -0.467903 -0.150135 -2
-0.139294 -0.891926 -1 -0.139294 -0.891926 -2
-0.849007 1 -0.506417 -0.849007 2 -0.506417
-1 -0.910859 0.812 -2 -0.910859 0.812
1 0.648464 0.386491 2 0.648464 0.386491
1 0.165085 0.996599 2 0.165085 0.996599
1 0.782191 0.0580759 2 0.782191 0.0580759
-1 -0.578661 -0.22582 -2 -0.578661 -0.22582
-0.532191 0.634131 -1 -0.532191 0.634131 -2
-0.747249 0.0829517 -1 -0.747249 0.0829517 -2
0.309898 1 0.335037 0.309898 2 0.335037
1 -0.739645 -0.250923 2 -0.739645 -0.250923
-1 0.343341 -0.526334 -2 0.343341 -0.526334
0.482341 0.190355 1 0.482341 0.190355 2
-1 -0.529357 -0.381933 -2 -0.529357 -0.381933
-0.898675 0.566522 -1 -0.898675 0.566522 -2
-0.0881257 0.430921 -1 -0.0881257 0.430921 -2
-0.719236 0.959084 -1 -0.719236 0.959084 -2
-0.458597 0.159604 1 -0.458597 0.159604 2
0.899016 -0.346612 1 0.899016 -0.346612 2
0.450469 0.780957 1 0.450469 0.780957 2
1 -0.795485 -0.0763494 2 -0.795485 -0.0763494
1 0.944399 0.459443 2 0.944399 0.459443
1 0.248463 -0.840818 2 0.248463 -0.840818
1 -0.525442 -0.621971 2 -0.525442 -0.621971
1 0.676961 -0.646135 2 0.676961 -0.646135
0.573425 1 0.442873 0.573425 2 0.442873
-1 0.536536 0.795784 -2 0.536536 0.795784
-0.0618612 0.108887 1 -0.0618612 0.108887 2
0.94398 -0.585366 1 0.94398 -0.585366 2
0.247721 0.60312 -1 0.247721 0.60312 -2
1 -0.92268 -0.204741 2 -0.92268 -0.204741
-0.332292 0.957203 -1 -0.332292 0.957203 -2
-0.621588 0.757757 -1 -0.621588 0.757757 -2
-0.610885 1 -0.424299 -0.610885 2 -0.424299
0.889193 1 -0.658662 0.889193 2 -0.658662
1 0.939242 -0.224992 2 0.939242 -0.224992
0.248422 0.863473 -1 0.248422 0.863473 -2
-1 0.509991 0.579933 -2 0.509991 0.579933
-0.449304 -1 -0.908116 -0.449304 -2 -0.908116
-0.291133 1 -0.934506 -0.291133 2 -0.934506
0.306818 -0.00204325 1 0.306818 -0.00204325 2
-0.377974 0.392835 1 -0.377974 0.392835 2
-1 -0.472263 -0.676405 -2 -0.472263 -0.676405
-0.118724 -1 -0.507736 -0.118724 -2 -0.507736
0.13412 1 -0.151305 0.13412 2 -0.151305
0.777651 1 0.021651 0.777651 2 0.021651
-0.739664 0.0899727 -1 -0.739664 0.0899727 -2
-0.0509127 1 -0.309622 -0.0509127 2 -0.309622
1 -0.515143 0.817904 2 -0.515143 0.817904
0.0735809 -1 -0.251485 0.0735809 -2 -0.251485
-0.656542 -1 -0.385515 -0.656542 -2 -0.385515
0.486859 -1 0.127043 0.486859 -2 0.127043
1 0.311101 -0.0188303 2 0.311101 -0.0188303
-0.881908 0.137138 1 -0.881908 0.137138 2
-0.582229 -0.0360218 1 -0.582229 -0.0360218 2
-0.26596 -1 -0.0266397 -0.26596 -2 -0.0266397
-0.542352 -0.168821 -1 -0.542352 -0.168821 -2
0.768105 -0.697669 1 0.768105 -0.697669 2
1 0.0215633 -0.564798 2 0.0215633 -0.564798
-1 0.361891 0.951295 -2 0.361891 0.951295
1 -0.26033 -0.629044 2 -0.26033 -0.629044
-0.225852 1 0.373678 -0.225852 2 0.373678
1 -0.641524 -0.601021 2 -0.641524 -0.601021
-1 -0.102326 0.953052 -2 -0.102326 0.953052
-0.733342 -0.0825639 -1 -0.733342 -0.0825639 -2
1 -0.285676 -0.64381 2 -0.285676 -0.64381
-1 -0.690027 -0.722625 -2 -0.690027 -0.722625
1 -0.955498 -0.640272 2 -0.955498 -0.640272
-1 -0.670248 -0.471899 -2 -0.670248 -0.471899
0.594765 0.975273 1 0.594765 0.975273 2
-0.651972 0.0943805 -1 -0.651972 0.0943805 -2
-0.358761 -1 -0.154081 -0.358761 -2 -0.154081
0.47126 -0.0546292 1 0.47126 -0.0546292 2
-1 -0.859187 0.508457 -2 -0.859187 0.508457
-0.0935806 0.138797 -1 -0.0935806 0.138797 -2
-1 -0.761651 -0.518072 -2 -0.761651 -0.518072
-0.20507 0.187339 -1 -0.20507 0.187339 -2
1 -0.595652 -0.721788 2 -0.595652 -0.721788
-1 -0.414268 0.923167 -2 -0.414268 0.923167
-1 0.0545417 -0.682291 -2 0.0545417 -0.682291
0.920501 -1 0.776538 0.920501 -2 0.776538
0.917387 -1 0.441671 0.917387 -2 0.441671
-0.991625 -0.302831 -1 -0.991625 -0.302831 -2
-0.954545 -0.994263 1 -0.954545 -0.994263 2
-0.857805 -1 -0.557574 -0.857805 -2 -0.557574
0.42302 -0.879459 1 0.42302 -0.879459 2
-1 -0.995691 -0.481318 -2 -0.995691 -0.481318
0.435654 -0.531793 1 0.435654 -0.531793 2
-0.77097 0.17414 1 -0.77097 0.17414 2
-1 0.986887 -0.616313 -2 0.986887 -0.616313
-0.635892 0.0201485 1 -0.635892 0.0201485 2
0.250095 0.61621 -1 0.250095 0.61621 -2
-0.44105 0.0101411 1 -0.44105 0.0101411 2
-0.754004 0.632452 -1 -0.754004 0.632452 -2
1 0.278962 -0.209084 2 0.278962 -0.209084
0.231707 -0.297808 -1 0.231707 -0.297808 -2
-0.521025 1 0.837487 -0.521025 2 0.837487
0.587664 -1 0.455519 0.587664 -2 0.455519
-1 -0.766777 0.618172 -2 -0.766777 0.618172
1 -0.881634 0.799719 2 -0.881634 0.799719
-1 -0.898475 0.133276 -2 -0.898475 0.133276
0.967824 0.192553 1 0.967824 0.192553 2
0.0540422 1 -0.286443 0.0540422 2 -0.286443
0.429622 1 -0.656638 0.429622 2 -0.656638
0.711739 -0.0830332 1 0.711739 -0.0830332 2
0.512203 -1 0.114853 0.512203 -2 0.114853
1 0.141858 0.343658 2 0.141858 0.343658
-0.781708 -1 -0.611484 -0.781708 -2 -0.611484
1 0.319391 0.35281 2 0.319391 0.35281
0.79701 0.648426 -1 0.79701 0.648426 -2
-1 -0.727067 0.182191 -2 -0.727067 0.182191
0.0355002 -1 -0.312889 0.0355002 -2 -0.312889
1 0.813125 0.00636604 2 0.813125 0.00636604
1 0.308219 0.960891 2 0.308219 0.960891
-0.65813 -1 -0.85723 -0.65813 -2 -0.85723
0.159466 1 0.570988 0.159466 2 0.570988
1 0.297895 0.0182206 2 0.297895 0.0182206
0.709309 1 0.951315 0.709309 2 0.951315
1 0.159152 0.822386 2 0.159152 0.822386
1 0.17927 0.169938 2 0.17927 0.169938
0.454944 1 -0.248259 0.454944 2 -0.248259
-1 0.586631 0.62087 -2 0.586631 0.62087
-1 0.910675 0.283344 -2 0.910675 0.283344
-1 -0.772746 -0.0705481 -2 -0.772746 -0.0705481
0.844925 1 -0.656827 0.844925 2 -0.656827
-1 -0.894842 0.913143 -2 -0.894842 0.913143
-1 -0.108171 0.132728 -2 -0.108171 0.132728
0.322356 1 0.156819 0.322356 2 0.156819
-0.913328 -0.0531838 -1 -0.913328 -0.0531838 -2
0.225348 0.534104 -1 0.225348 0.534104 -2
1 0.0288455 -0.165482 2 0.0288455 -0.165482
0.403978 0.569931 -1 0.403978 0.569931 -2
1 0.468169 -0.0227468 2 0.468169 -0.0227468
0.17351 -1 0.71612 0.17351 -2 0.71612
-0.606195 0.360923 -1 -0.606195 0.360923 -2
-1 -0.869595 -0.102681 -2 -0.869595 -0.102681
1 0.744445 -0.3748 2 0.744445 -0.3748
-1 -0.21512 -0.472033 -2 -0.21512 -0.472033
0.233409 1 -0.897647 0.233409 2 -0.897647
1 0.6704 -0.917551 2 0.6704 -0.917551
0.553623 0.68373 1 0.553623 0.68373 2
-0.12353 1 0.474945 -0.12353 2 0.474945
-0.0213776 -1 -0.314705 -0.0213776 -2 -0.314705
0.188076 0.812898 -1 0.188076 0.812898 -2
-0.654711 1 -0.328632 -0.654711 2 -0.328632
0.778535 -0.835302 -1 0.778535 -0.835302 -2
0.62846 -0.531761 -1 0.62846 -0.531761 -2
1 -0.26275 0.418413 2 -0.26275 0.418413
-1 -0.290208 0.33048 -2 -0.290208 0.33048
-1 0.544593 -0.973715 -2 0.544593 -0.973715
1 -0.429188 -0.797614 2 -0.429188 -0.797614
-0.388781 -0.280187 -1 -0.388781 -0.280187 -2
0.86659 1 -0.770972 0.86659 2 -0.770972
-0.431325 -0.0801661 -1 -0.431325 -0.0801661 -2
0.439875 -1 0.411453 0.439875 -2 0.411453
0.321228 -1 0.197955 0.321228 -2 0.197955
-1 -0.268155 0.617488 -2 -0.268155 0.617488
0.00442187 -1 -0.677244 0.00442187 -2 -0.677244
0.25742 -0.291883 1 0.25742 -0.291883 2
-0.734679 0.997398 -1 -0.734679 0.997398 -2
-0.21394 1 -0.31047 -0.21394 2 -0.31047
0.239189 1 -0.0536159 0.239189 2 -0.0536159
0.532012 -0.940496 1 0.532012 -0.940496 2
1 -0.132255 0.324516 2 -0.132255 0.324516
-0.716728 -1 0.880985 -0.716728 -2 0.880985
-0.523577 1 0.980871 -0.523577 2 0.980871
0.222668 -0.395111 1 0.222668 -0.395111 2
-0.300963 0.535382 -1 -0.300963 0.535382 -2
0.38651 -1 -0.546192 0.38651 -2 -0.546192
-1 0.690461 -0.573586 -2 0.690461 -0.573586
-1 -0.187741 -0.629252 -2 -0.187741 -0.629252
0.892846 1 -0.0656546 0.892846 2 -0.0656546
-0.348331 0.131752 1 -0.348331 0.131752 2
1 0.396619 -0.624933 2 0.396619 -0.624933
-0.884213 -1 -0.49843 -0.884213 -2 -0.49843
0.0194559 -1 0.802165 0.0194559 -2 0.802165
0.999751 -0.807226 -1 0.999751 -0.807226 -2
-0.92123 0.883275 -1 -0.92123 0.883275 -2
-0.5093 1 0.87842 -0.5093 2 0.87842
-0.81651 -1 -0.89559 -0.81651 -2 -0.89559
-0.93901 -0.106374 -1 -0.93901 -0.106374 -2
1 -0.25618 -0.00914761 2 -0.25618 -0.00914761
0.0719524 1 0.160702 0.0719524 2 0.160702
1 0.917841 0.0783918 2 0.917841 0.0783918
1 0.632422 0.782612 2 0.632422 0.782612
-0.0474407 -0.383298 1 -0.0474407 -0.383298 2
1 0.305964 -0.353985 2 0.305964 -0.353985
1 0.198659 0.0617178 2 0.198659 0.0617178
-0.274235 -1 -0.158251 -0.274235 -2 -0.158251
-1 -0.842784 0.627925 -2 -0.842784 0.627925
-0.0384968 -1 0.903435 -0.0384968 -2 0.903435
0.763811 0.626761 -1 0.763811 0.626761 -2
0.603371 0.46219 1 0.603371 0.46219 2
-0.789377 -0.944955 -1 -0.789377 -0.944955 -2
1 0.370378 0.831893 2 0.370378 0.831893
-0.224874 -0.544784 -1 -0.224874 -0.544784 -2
-1 -0.344033 0.0606054 -2 -0.344033 0.0606054
-1 0.972224 -0.173587 -2 0.972224 -0.173587
1 -0.572765 -0.382545 2 -0.572765 -0.382545
0.956643 -1 0.24938 0.956643 -2 0.24938
-0.558722 -1 -0.374692 -0.558722 -2 -0.374692
0.134965 -0.364993 -1 0.134965 -0.364993 -2
-0.911863 1 0.569139 -0.911863 2 0.569139
1 0.689511 0.296208 2 0.689511 0.296208
-0.667884 1 -0.877518 -0.667884 2 -0.877518
-0.296251 -1 -0.170626 -0.296251 -2 -0.170626
0.0144408 -0.278445 1 0.0144408 -0.278445 2
0.155812 -0.118205 1 0.155812 -0.118205 2
-1 0.975979 0.720143 -2 0.975979 0.720143
-0.586935 -0.487481 -1 -0.586935 -0.487481 -2
-1 0.768505 -0.264888 -2 0.768505 -0.264888
0.174591 1 -0.345001 0.174591 2 -0.345001
0.512687 1 0.652517 0.512687 2 0.652517
-0.780816 -0.832988 -1 -0.780816 -0.832988 -2
0.73319 1 -0.727538 0.73319 2 -0.727538
0.410439 -0.255414 -1 0.410439 -0.255414 -2
1 0.221875 0.477645 2 0.221875 0.477645
1 0.265671 0.917697 2 0.265671 0.917697
0.407779 -1 0.92459 0.407779 -2 0.92459
-0.625731 0.0879768 1 -0.625731 0.0879768 2
1 -0.0969637 0.114125 2 -0.0969637 0.114125
-0.039476 -0.512378 1 -0.039476 -0.512378 2
0.663567 0.232334 1 0.663567 0.232334 2
-0.26806 -1 -0.551827 -0.26806 -2 -0.551827
-0.335117 -1 -0.294738 -0.335117 -2 -0.294738
-1 -0.894706 0.729302 -2 -0.894706 0.729302
-1 -0.793572 0.817123 -2 -0.793572 0.817123
-0.591815 -1 -0.0306663 -0.591815 -2 -0.0306663
0.00291321 1 -0.962337 0.00291321 2 -0.962337
-0.436032 0.293227 -1 -0.436032 0.293227 -2
0.225853 -0.870596 1 0.225853 -0.870596 2
0.741052 1 -0.865749 0.741052 2 -0.865749
0.381689 1 0.922381 0.381689 2 0.922381
0.650084 0.917399 -1 0.650084 0.917399 -2
0.632881 -0.837205 -1 0.632881 -0.837205 -2
-0.655587 -1 0.235774 -0.655587 -2 0.235774
0.0874316 0.423271 1 0.0874316 0.423271 2
0.720232 0.656912 1 0.720232 0.656912 2
0.304063 0.606218 -1 0.304063 0.606218 -2
-0.0986354 -0.86315 1 -0.0986354 -0.86315 2
-1 0.379988 -0.459904 -2 0.379988 -0.459904
0.785372 0.796288 1 0.785372 0.796288 2
-0.200825 1 -0.736107 -0.200825 2 -0.736107
0.639665 0.854334 -1 0.639665 0.854334 -2
-0.922342 -0.369315 1 -0.922342 -0.369315 2
-0.94841 -0.613871 -1 -0.94841 -0.613871 -2
-0.0304263 0.6796 1 -0.0304263 0.6796 2
-1 -0.268123 0.0145604 -2 -0.268123 0.0145604
0.130573 -1 -0.330481 0.130573 -2 -0.330481
-1 0.621493 0.561696 -2 0.621493 0.561696
1 -0.548603 0.582647 2 -0.548603 0.582647
-1 0.263163 -0.984188 -2 0.263163 -0.984188
-0.779162 0.603297 -1 -0.779162 0.603297 -2
0.0388466 -0.0668109 1 0.0388466 -0.0668109 2
-0.601819 -1 -0.133718 -0.601819 -2 -0.133718
-0.0786437 0.700317 -1 -0.0786437 0.700317 -2
0.51129 1 0.550542 0.51129 2 0.550542
0.284779 -0.284108 -1 0.284779 -0.284108 -2
0.528519 -0.811597 -1 0.528519 -0.811597 -2
0.101384 -0.935874 1 0.101384 -0.935874 2
-0.519161 -0.508182 -1 -0.519161 -0.508182 -2
1 0.739698 -0.153165 2 0.739698 -0.153165
-1 0.0129934 -0.380332 -2 0.0129934 -0.380332
0.405075 0.947371 -1 0.405075 0.947371 -2
-1 0.98789 0.531369 -2 0.98789 0.531369
0.411502 1 0.615981 0.411502 2 0.615981
1 0.0771332 0.360559 2 0.0771332 0.360559
-1 -0.704976 -0.220711 -2 -0.704976 -0.220711
0.286555 1 -0.132394 0.286555 2 -0.132394
-0.0688876 -0.206118 -1 -0.0688876 -0.206118 -2
-0.592743 1 0.944455 -0.592743 2 0.944455
-0.180226 -0.137862 -1 -0.180226 -0.137862 -2
1 0.634042 -0.0263336 2 0.634042 -0.0263336
1 -0.564579 -0.393136 2 -0.564579 -0.393136
0.939413 0.648427 1 0.939413 0.648427 2
-0.0242175 0.334505 1 -0.0242175 0.334505 2
-1 0.0540028 0.110248 -2 0.0540028 0.110248
0.665483 -1 0.446022 0.665483 -2 0.446022
-0.0550894 1 -0.111974 -0.0550894 2 -0.111974
-0.50845 0.303575 -1 -0.50845 0.303575 -2
0.0296079 0.825145 -1 0.0296079 0.825145 -2
-0.0242899 -1 0.872852 -0.0242899 -2 0.872852
0.688155 -1 -0.493704 0.688155 -2 -0.493704
-0.650293 0.527914 1 -0.650293 0.527914 2
0.628198 1 -0.117814 0.628198 2 -0.117814
0.91759 -1 -0.147536 0.91759 -2 -0.147536
-0.852419 0.831042 -1 -0.852419 0.831042 -2
-1 -0.835362 -0.0214086 -2 -0.835362 -0.0214086
-1 0.745681 0.863026 -2 0.745681 0.863026
0.232672 -0.248915 1 0.232672 -0.248915 2
-0.162632 -0.52118 1 -0.162632 -0.52118 2
-1 -0.0878008 -0.332433 -2 -0.0878008 -0.332433
1 -0.0609115 -0.800154 2 -0.0609115 -0.800154
1 -0.906798 -0.826982 2 -0.906798 -0.826982
0.547383 1 0.135501 0.547383 2 0.135501
0.632816 -1 -0.633654 0.632816 -2 -0.633654
0.922622 1 -0.508593 0.922622 2 -0.508593
-0.782637 -0.0743564 -1 -0.782637 -0.0743564 -2
0.817021 -1 -0.51319 0.817021 -2 -0.51319
-0.183988 -1 0.927482 -0.183988 -2 0.927482
1 -0.00630049 -0.898697 2 -0.00630049 -0.898697
1 -0.00500479 0.225502 2 -0.00500479 0.225502
-0.985325 -1 -0.855775 -0.985325 -2 -0.855775
0.966732 -0.175995 1 0.966732 -0.175995 2
1 0.736235 -0.358252 2 0.736235 -0.358252
-0.309969 -0.345989 -1 -0.309969 -0.345989 -2
-0.185127 0.374022 1 -0.185127 0.374022 2
-0.668811 -0.0788713 -1 -0.668811 -0.0788713 -2
0.251939 -0.332046 -1 0.251939 -0.332046 -2
-0.803727 0.975976 -1 -0.803727 0.975976 -2
-0.0992455 0.159977 -1 -0.0992455 0.159977 -2
0.427249 0.60801 -1 0.427249 0.60801 -2
-1 -0.885283 -0.584001 -2 -0.885283 -0.584001
-1 0.329011 0.306983 -2 0.329011 0.306983
-0.0987462 -1 0.111388 -0.0987462 -2 0.111388
1 -0.111465 -0.508966 2 -0.111465 -0.508966
0.733743 -1 -0.255738 0.733743 -2 -0.255738
-0.338594 0.150563 -1 -0.338594 0.150563 -2
-0.106012 1 0.780158 -0.106012 2 0.780158
0.289985 1 0.848125 0.289985 2 0.848125
1 0.569377 0.949927 2 0.569377 0.949927
1 0.735373 -0.844816 2 0.735373 -0.844816
-1 0.500744 -0.00946123 -2 0.500744 -0.00946123
-0.250586 1 -0.216638 -0.250586 2 -0.216638
-0.626473 -1 -0.752738 -0.626473 -2 -0.752738
1 0.13542 -0.853224 2 0.13542 -0.853224
1 0.251972 0.142022 2 0.251972 0.142022
-0.879325 0.13887 -1 -0.879325 0.13887 -2
-1 0.463394 -0.265634 -2 0.463394 -0.265634
0.651992 0.740486 1 0.651992 0.740486 2
1 -0.910068 -0.851615 2 -0.910068 -0.851615
1 0.611161 -0.610829 2 0.611161 -0.610829
-1 -0.941974 0.149813 -2 -0.941974 0.149813
0.524644 0.997291 1 0.524644 0.997291 2
-0.384062 -0.070424 1 -0.384062 -0.070424 2
-0.293292 -0.64623 -1 -0.293292 -0.64623 -2
0.507704 -1 0.696703 0.507704 -2 0.696703
0.0838026 -0.470517 -1 0.0838026 -0.470517 -2
-1 -0.904614 -0.798781 -2 -0.904614 -0.798781
0.0547546 1 -0.261383 0.0547546 2 -0.261383
1 0.870369 0.163456 2 0.870369 0.163456
-0.101212 -1 -0.178983 -0.101212 -2 -0.178983
0.962888 -0.77268 1 0.962888 -0.77268 2
0.79064 0.0837911 1 0.79064 0.0837911 2
0.314898 -0.488147 -1 0.314898 -0.488147 -2
0.197297 0.029447 -1 0.197297 0.029447 -2
0.507169 -0.509324 1 0.507169 -0.509324 2
1 -0.935992 0.745578 2 -0.935992 0.745578
1 0.437788 0.72372 2 0.437788 0.72372
-1 0.745074 -0.463165 -2 0.745074 -0.463165
1 -0.626565 0.64346 2 -0.626565 0.64346
-0.976799 0.197407 -1 -0.976799 0.197407 -2
1 0.457136 0.479059 2 0.457136 0.479059
-0.775708 0.373288 -1 -0.775708 0.373288 -2
-0.773084 0.927279 1 -0.773084 0.927279 2
-0.42466 0.175904 1 -0.42466 0.175904 2
-0.272674 1 0.404137 -0.272674 2 0.404137
-1 -0.809269 0.226332 -2 -0.809269 0.226332
-0.0309282 -0.840522 1 -0.0309282 -0.840522 2
0.333152 0.581405 1 0.333152 0.581405 2
-0.199434 -1 0.996025 -0.199434 -2 0.996025
0.143171 -1 0.644009 0.143171 -2 0.644009
-0.59518 -1 -0.793846 -0.59518 -2 -0.793846
-0.13798 -0.0511609 1 -0.13798 -0.0511609 2
-1 0.345823 -0.239098 -2 0.345823 -0.239098
-1 -0.725754 0.886737 -2 -0.725754 0.886737
-0.593924 0.22218 -1 -0.593924 0.22218 -2
1 -0.630517 0.597289 2 -0.630517 0.597289
-1 0.827912 -0.714118 -2 0.827912 -0.714118
1 -0.378738 0.845028 2 -0.378738 0.845028
-0.941043 -0.536982 1 -0.941043 -0.536982 2
-1 -0.35308 0.125455 -2 -0.35308 0.125455
0.551328 -0.166478 -1 0.551328 -0.166478 -2
0.120732 0.48848 1 0.120732 0.48848 2
0.76215 1 0.549572 0.76215 2 0.549572
0.916203 -0.632079 -1 0.916203 -0.632079 -2
0.605091 1 0.75664 0.605091 2 0.75664
-1 0.707672 0.157967 -2 0.707672 0.157967
1 0.831635 0.841148 2 0.831635 0.841148
-0.0195054 0.738622 1 -0.0195054 0.738622 2
-1 0.727997 0.559207 -2 0.727997 0.559207
-1 -0.409986 0.698631 -2 -0.409986 0.698631
0.176284 0.538575 1 0.176284 0.538575 2
-0.681754 -0.148601 -1 -0.681754 -0.148601 -2
-0.427867 1 0.329639 -0.427867 2 0.329639
0.338957 0.970213 -1 0.338957 0.970213 -2
-0.212705 1 0.982079 -0.212705 2 0.982079
0.211058 1 0.629177 0.211058 2 0.629177
-1 -0.840784 -0.229167 -2 -0.840784 -0.229167
0.545483 0.0694199 -1 0.545483 0.0694199 -2
-0.583171 -0.94292 1 -0.583171 -0.94292 2
-1 0.576114 -0.742451 -2 0.576114 -0.742451
-0.49024 -0.958709 1 -0.49024 -0.958709 2
0.543514 0.384174 1 0.543514 0.384174 2
1 0.824456 0.45386 2 0.824456 0.45386
-0.821388 -0.162264 1 -0.821388 -0.162264 2
-1 -0.347284 -0.00852852 -2 -0.347284 -0.00852852
1 0.00729221 -0.432524 2 0.00729221 -0.432524
-0.836311 0.423142 -1 -0.836311 0.423142 -2
-1 0.61628 0.17635 -2 0.61628 0.17635
-0.719677 -0.00319608 -1 -0.719677 -0.00319608 -2
0.35329 1 0.253159 0.35329 2 0.253159
0.0441564 -0.819713 1 0.0441564 -0.819713 2
-0.682274 0.744902 -1 -0.682274 0.744902 -2
0.0958095 0.519461 -1 0.0958095 0.519461 -2
-1 -0.791105 -0.368265 -2 -0.791105 -0.368265
-0.607178 -1 0.142477 -0.607178 -2 0.142477
0.145712 0.131443 1 0.145712 0.131443 2
-0.983671 1 -0.300332 -0.983671 2 -0.300332
-0.183101 -0.55644 1 -0.183101 -0.55644 2
0.332717 0.900008 -1 0.332717 0.900008 -2
0.392692 1 0.0257854 0.392692 2 0.0257854
-0.830709 1 -0.505345 -0.830709 2 -0.505345
-0.230084 0.0875962 1 -0.230084 0.0875962 2
-0.778761 -1 0.667268 -0.778761 -2 0.667268
-0.115577 0.776231 1 -0.115577 0.776231 2
-1 -0.630622 -0.43251 -2 -0.630622 -0.43251
0.116038 0.492332 -1 0.116038 0.492332 -2
-0.136678 0.7635 1 -0.136678 0.7635 2
-0.968294 1 -0.530698 -0.968294 2 -0.530698
0.161762 -0.735729 -1 0.161762 -0.735729 -2
0.105017 -1 0.171113 0.105017 -2 0.171113
0.386633 -0.138907 -1 0.386633 -0.138907 -2
1 0.45422 -0.476041 2 0.45422 -0.476041
0.587355 -0.741954 1 0.587355 -0.741954 2
-0.328867 -0.731091 -1 -0.328867 -0.731091 -2
-0.905699 -1 -0.345873 -0.905699 -2 -0.345873
-0.884536 -0.730479 -1 -0.884536 -0.730479 -2
0.107037 0.683161 1 0.107037 0.683161 2
1 0.614783 0.93148 2 0.614783 0.93148
-0.222947 1 0.227438 -0.222947 2 0.227438
-0.263855 0.830006 -1 -0.263855 0.830006 -2
0.806366 -0.592583 -1 0.806366 -0.592583 -2
1 0.907393 0.46765 2 0.907393 0.46765
-0.54448 -0.614478 1 -0.54448 -0.614478 2
0.321878 0.197677 -1 0.321878 0.197677 -2
-0.0493773 1 -0.116465 -0.0493773 2 -0.116465
0.217403 0.105621 -1 0.217403 0.105621 -2
0.473994 -0.41194 -1 0.473994 -0.41194 -2
0.586902 1 -0.0700504 0.586902 2 -0.0700504
0.584049 -1 -0.311793 0.584049 -2 -0.311793
0.753422 -0.7668 -1 0.753422 -0.7668 -2
-0.0955434 1 -0.202343 -0.0955434 2 -0.202343
-1 -0.250025 0.73648 -2 -0.250025 0.73648
0.557776 0.0990104 1 0.557776 0.0990104 2
0.927215 0.294668 -1 0.927215 0.294668 -2
-0.99046 0.538406 1 -0.99046 0.538406 2
-1 -0.350703 -0.0825411 -2 -0.350703 -0.0825411
0.201973 -0.231458 1 0.201973 -0.231458 2
0.971695 1 0.720064 0.971695 2 0.720064
-0.721657 -1 0.132131 -0.721657 -2 0.132131
0.45495 -0.349438 -1 0.45495 -0.349438 -2
-0.649084 -1 0.808035 -0.649084 -2 0.808035
0.0656743 0.726265 -1 0.0656743 0.726265 -2
-0.982203 -0.94431 1 -0.982203 -0.94431 2
0.809025 0.723935 -1 0.809025 0.723935 -2
0.0666628 0.776696 1 0.0666628 0.776696 2
0.815732 -0.00466127 -1 0.815732 -0.00466127 -2
-1 0.458012 0.196504 -2 0.458012 0.196504
-0.250559 -0.852446 -1 -0.250559 -0.852446 -2
0.0538203 -1 -0.388829 0.0538203 -2 -0.388829
0.524386 0.872819 1 0.524386 0.872819 2
0.00191249 -1 0.814303 0.00191249 -2 0.814303
-0.0380732 -1 -0.934538 -0.0380732 -2 -0.934538
0.832378 -0.393254 1 0.832378 -0.393254 2
-0.90801 -0.244164 -1 -0.90801 -0.244164 -2
0.872945 0.411735 -1 0.872945 0.411735 -2
0.797692 -0.81002 -1 0.797692 -0.81002 -2
-0.779745 -0.948001 1 -0.779745 -0.948001 2
-1 -0.423098 -0.988839 -2 -0.423098 -0.988839
0.973975 -0.426917 1 0.973975 -0.426917 2
0.0963312 0.520651 -1 0.0963312 0.520651 -2
-0.925523 -0.825079 -1 -0.925523 -0.825079 -2
-0.80307 -0.104938 -1 -0.80307 -0.104938 -2
0.134317 0.684265 -1 0.134317 0.684265 -2
-0.4249 0.520977 -1 -0.4249 0.520977 -2
0.999875 1 -0.898902 0.999875 2 -0.898902
-0.0490167 -0.176375 -1 -0.0490167 -0.176375 -2
-0.367646 0.262651 -1 -0.367646 0.262651 -2
1 -0.719321 0.403089 2 -0.719321 0.403089
-0.11905 1 0.432704 -0.11905 2 0.432704
-0.265547 -0.954647 -1 -0.265547 -0.954647 -2
-0.948786 -0.296879 -1 -0.948786 -0.296879 -2
0.148662 0.700295 1 0.148662 0.700295 2
1 0.180491 0.265474 2 0.180491 0.265474
-0.753773 -0.0732838 -1 -0.753773 -0.0732838 -2
-0.328282 1 0.719102 -0.328282 2 0.719102
-1 -0.796464 -0.0791169 -2 -0.796464 -0.0791169
0.176917 0.985434 -1 0.176917 0.985434 -2
-0.875563 -1 0.78056 -0.875563 -2 0.78056
-1 -0.591765 -0.189052 -2 -0.591765 -0.189052
0.212219 -1 0.341631 0.212219 -2 0.341631
1 -0.140484 -0.252523 2 -0.140484 -0.252523
1 0.484109 -0.0974923 2 0.484109 -0.0974923
0.173941 1 0.662374 0.173941 2 0.662374
-0.773726 1 -0.0160503 -0.773726 2 -0.0160503
0.80656 0.143695 -1 0.80656 0.143695 -2
1 -0.0979797 0.463979 2 -0.0979797 0.463979
-0.00675076 1 -0.539974 -0.00675076 2 -0.539974
1 -0.0424519 0.615936 2 -0.0424519 0.615936
0.593553 1 0.148015 0.593553 2 0.148015
-0.274573 0.499924 -1 -0.274573 0.499924 -2
1 -0.720073 0.431292 2 -0.720073 0.431292
0.457847 -1 0.743115 0.457847 -2 0.743115
-0.798236 0.638234 1 -0.798236 0.638234 2
0.322534 1 -0.828174 0.322534 2 -0.828174
1 0.0244321 -0.345828 2 0.0244321 -0.345828
-0.316535 -1 -0.173361 -0.316535 -2 -0.173361
1 -0.960735 -0.414294 2 -0.960735 -0.414294
-1 -0.834502 0.71693 -2 -0.834502 0.71693
-0.523455 0.705095 1 -0.523455 0.705095 2
-0.541726 0.376158 -1 -0.541726 0.376158 -2
-0.360982 -0.380565 1 -0.360982 -0.380565 2
-0.136397 -1 0.0405864 -0.136397 -2 0.0405864
1 0.44587 -0.819816 2 0.44587 -0.819816
0.653013 0.885188 1 0.653013 0.885188 2
0.811234 1 -0.410199 0.811234 2 -0.410199
0.397853 1 -0.714695 0.397853 2 -0.714695
1 -0.534366 -0.625297 2 -0.534366 -0.625297
-0.295692 1 -0.301391 -0.295692 2 -0.301391
-0.169084 0.622967 -1 -0.169084 0.622967 -2
1 0.350014 0.614723 2 0.350014 0.614723
-1 0.0362055 -0.506541 -2 0.0362055 -0.506541
-0.477504 -0.194995 -1 -0.477504 -0.194995 -2
-0.895411 -1 0.0619323 -0.895411 -2 0.0619323
-1 -0.95267 -0.863872 -2 -0.95267 -0.863872
-0.868877 0.559265 -1 -0.868877 0.559265 -2
1 0.957562 -0.302686 2 0.957562 -0.302686
-1 -0.474268 -0.188212 -2 -0.474268 -0.188212
0.660824 0.12218 1 0.660824 0.12218 2
-0.418139 0.796241 1 -0.418139 0.796241 2
0.623101 1 -0.457858 0.623101 2 -0.457858
1 -0.790109 0.792098 2 -0.790109 0.792098
-1 0.63487 -0.265616 -2 0.63487 -0.265616
0.974804 -0.486917 1 0.974804 -0.486917 2
0.785888 0.207841 1 0.785888 0.207841 2
-1 -0.536629 -0.878236 -2 -0.536629 -0.878236
-0.743142 -0.536634 -1 -0.743142 -0.536634 -2
0.273005 -0.324134 1 0.273005 -0.324134 2
-1 0.97984 -0.175657 -2 0.97984 -0.175657
-0.0887414 0.779683 -1 -0.0887414 0.779683 -2
-0.662894 -1 -0.373376 -0.662894 -2 -0.373376
0.605629 1 -0.798975 0.605629 2 -0.798975
-1 0.628007 -0.905935 -2 0.628007 -0.905935
0.73747 -0.653029 -1 0.73747 -0.653029 -2
-1 -0.688112 -0.182157 -2 -0.688112 -0.182157
0.302357 -0.981275 1 0.302357 -0.981275 2
-0.779315 -1 0.415231 -0.779315 -2 0.415231
1 0.247788 -0.174654 2 0.247788 -0.174654
0.143424 -0.337654 1 0.143424 -0.337654 2
0.977025 -1 0.836535 0.977025 -2 0.836535
1 -0.0830089 -0.213276 2 -0.0830089 -0.213276
-0.412502 1 -0.126452 -0.412502 2 -0.126452
0.615139 -0.646838 -1 0.615139 -0.646838 -2
-0.585107 1 0.159354 -0.585107 2 0.159354
-1 -0.852194 -0.349468 -2 -0.852194 -0.349468
-0.802527 1 0.63114 -0.802527 2 0.63114
-0.405972 -0.82794 -1 -0.405972 -0.82794 -2
-0.604088 0.188029 -1 -0.604088 0.188029 -2
0 0 -1 0 0 -1
