-0.185447 0.235342 0.0454318 -1.05071 -0.237708 0.211416
0.0912688 0.158014 0.00339962 1.02077 0.156343 -0.365414
0.0483278 0.0962053 -0.0406077 0.506544 -0.427671 -0.758655
-0.0353566 0.189835 0.10542 -0.441698 1.02348 0.479481
-0.0492219 0.146197 -0.0737518 -0.658867 -0.185313 -0.793776
-0.0030924 0.256651 -0.00754885 -0.132375 1.19631 -0.324284
-0.120043 0.287896 0.0704533 0.556 0.151872 0.794652
0.0078788 0.257838 0.0515857 0.0465325 1.21488 0.33896
-0.131781 0.0742339 0.0751835 -0.96744 0.432411 0.491576
-0.0514524 0.166905 0.104042 -0.682202 0.565061 0.770095
-0.15507 0.210927 0.067019 -0.889624 -0.156221 0.637661
-0.0681408 0.102791 0.0773324 -0.00732606 0.139704 1.0748
0.063388 0.113937 -0.0302548 0.784773 -0.243121 -0.623646
0.0415375 0.146815 0.0991352 0.565168 -0.00964426 0.936591
-0.114468 0.104463 0.0108718 -1.01959 0.358964 0.351448
0.004752 0.0997591 0.103542 0.0414218 -0.56968 0.845503
0.0901984 0.179865 0.032683 1.07973 0.29281 0.122535
-0.119798 0.0929911 0.0640007 -0.631389 0.902916 -0.222874
-0.158691 0.248151 0.104288 -0.382971 0.0995007 1.06741
-0.0650868 0.350627 -0.027474 -0.692931 0.764959 -0.686368
-0.124137 0.301273 -0.0302744 0.867123 0.353378 0.090926
-0.10181 0.126625 0.0668462 -0.649494 -0.287535 0.793836
-0.152816 0.282474 -0.0112012 -0.634121 0.300626 -0.887567
-0.0445311 0.248999 -0.00263011 -0.179823 1.20654 -0.257191
-0.0766365 0.216017 -0.0398512 -0.137986 0.529546 -0.987446
-0.0787602 0.104213 -0.0218608 -0.00966935 -0.0242307 -1.01117
-0.165258 0.264716 0.0991912 -0.605974 0.689908 0.889749
-0.0979582 0.23081 -0.03115 -0.0893543 0.683534 -0.922759
-0.144742 0.296647 -0.0575432 -0.33626 -0.675955 -0.189323
-0.0605357 0.19142 0.0882372 -0.20822 0.370762 1.06088
-0.0925409 0.0904625 0.0834864 0.125942 0.755051 0.79804
-0.0841288 0.145214 -0.036056 0.00806656 -0.107808 -0.999114
0.0998618 0.0924998 0.00621794 0.757012 -0.618471 -0.244131
-0.0616497 0.0705401 0.0783946 0.643183 -0.490984 -0.355082
0.0239659 0.069787 0.0511587 -0.0058238 -0.920917 -0.0815768
-0.0407025 0.0709712 0.102264 -0.0102832 -0.916815 0.255083
0.0686317 0.0965601 -0.0133975 0.167872 -0.179367 -0.969439
-0.134441 0.0800891 -0.00986462 -0.951063 0.507709 -0.39751
0.00523901 0.153204 0.113128 0.124813 0.0763377 1.10297
-0.169252 0.307156 0.0423006 -0.457308 1.23731 0.269981
0.0353296 0.159121 -0.0564946 0.461441 0.260213 -0.955499
0.0437752 0.199105 -0.0413524 0.409692 0.51994 -0.914948
-0.182142 0.267447 0.0477181 -1.07186 0.707117 0.17056
-0.118464 0.202331 0.0845464 -0.233725 0.576704 1.00463
-0.0555013 0.356904 -0.0321278 -0.675764 0.86686 -0.628131
0.0733616 0.117387 0.0687455 0.808391 -0.284046 0.615174
-0.0427423 0.316573 -0.0170626 0.20721 -0.625745 -0.239687
-0.0873745 0.151867 -0.0372835 -0.486532 -0.0592765 -0.929523
-0.040597 0.0736301 0.0822761 0.12566 -0.745701 -0.466408
-0.112625 0.2532 0.0782709 0.492618 0.687546 0.745373
0.00135757 0.227555 -0.0386898 -0.15517 0.939347 -0.723417
-0.136082 0.281278 0.0883651 0.477347 0.559389 0.827526
-0.152695 0.314763 -0.0217905 -1.10039 0.545487 0.198736
-0.0749129 0.214977 -0.0401845 -0.10023 0.471319 -1.00644
-0.0522685 0.0907853 0.102746 -0.484653 0.630716 0.824908
-0.1596 0.208963 0.0624379 -0.872918 0.52713 0.686895
0.0354634 0.132469 0.100277 0.5662 -0.0196657 0.934048
-0.0840139 0.257792 0.0109971 0.144938 1.22892 -0.0560753
-0.0807291 0.250855 0.0444408 -0.219526 1.1304 0.499565
-0.0772452 0.170359 0.0869197 -0.332646 0.178287 1.05372
-0.0809985 0.309598 0.0105255 0.371702 -0.301444 0.659902
0.00394652 0.19248 0.106523 0.312533 0.783578 0.851759
-0.0709144 0.115921 -0.0229334 -0.203594 -0.270122 -0.935823
-0.0973537 0.33125 -0.00590759 -0.819952 0.921815 -0.365192
-0.0155088 0.254411 -0.00870678 -0.307193 1.1435 -0.361481
-0.0790759 0.110684 0.0786626 0.0643379 -0.0150857 1.0603
-0.155188 0.261384 0.106437 -0.67507 0.471688 0.934383
0.0080352 0.197415 0.0992567 0.121084 1.08007 0.555489
-0.166517 0.235552 -0.0043432 -0.695702 -0.0876278 -0.788892
-0.127252 0.0864879 0.0240533 -0.488958 0.854354 0.552778
-0.0392901 0.19766 -0.0490313 -0.0577612 0.416148 -1.0247
-0.0465211 0.0682501 -0.0541101 0.0860349 -0.754441 -0.606928
-0.133474 0.288125 -0.0303043 0.22514 -0.604771 -0.30258
0.043408 0.171959 0.0985944 0.331714 0.474727 1.00701
-0.145784 0.313611 -0.0013468 -0.126681 1.28364 0.240879
-0.184867 0.232403 0.0231326 -1.11814 -0.126663 0.0143402
0.0107038 0.0731367 0.049919 -0.447748 -0.685472 0.512882
0.0390329 0.0708315 0.0395308 0.12192 -0.924835 0.0817026
-0.0833274 0.221234 -0.0367522 -0.11357 0.742526 -0.889594
-0.137998 0.197517 0.08223 -0.425787 0.565516 0.966398
-0.131276 0.335173 -0.063796 0.581884 0.999898 0.158787
-0.100923 0.134216 0.0724601 -0.23244 -0.472711 0.85626
-0.131483 0.0668125 -0.0150273 -0.886043 0.0627863 -0.671245
-0.0392398 0.357888 -0.0462016 -0.650135 0.282719 -0.834336
0.0927421 0.155331 0.0150351 1.08602 0.269774 -0.00236985
0.080149 0.0926706 -0.00880146 0.345732 -0.453875 -0.803002
0.0564878 0.213034 0.0752325 0.619237 0.555288 0.827678
-0.0591971 0.312055 -0.0186461 0.0761358 -0.439863 -0.663863
-0.179031 0.293509 0.0524452 -1.13936 0.486772 0.253471
-0.071595 0.0683917 -0.0358608 0.359407 -0.561733 0.610035
-0.127366 0.311581 0.0157425 -0.140639 1.31108 -0.0130615
0.00908945 0.263032 0.0252725 0.092118 1.25772 -0.0355878
-0.0549905 0.250501 0.0277873 0.218191 1.21171 -0.0102404
-0.187234 0.259094 0.0399596 -1.12385 0.582383 -0.0950844
0.0688059 0.159213 0.0790356 0.724819 -0.0447899 0.805692
-0.129708 0.202337 0.083113 -0.448652 0.521175 0.975647
-0.00505203 0.0778335 -0.00557869 0.0223767 -0.92146 -0.0312751
-0.112757 0.316403 0.0154126 -0.431052 1.03775 0.630513
0.0565041 0.0973753 -0.0272664 0.658221 -0.671716 -0.242755
0.104537 0.14629 0.0319764 0.174685 1.14381 0.0383561
0.0928187 0.126759 0.05774 -0.0266924 0.717042 0.85604
-0.177754 0.229732 0.0564637 -0.713512 -0.567991 -0.220306
-0.0298057 0.140358 0.109281 -0.0661266 -0.110386 1.07665
-0.147336 0.309788 0.0535948 -0.296322 1.29006 0.183461
0.0229319 0.248247 0.0652336 0.305579 1.00023 0.660739
-0.124428 0.217237 0.0771233 -0.138523 0.694301 0.955879
-0.104252 0.290854 -0.000723663 0.381618 0.255859 -0.874054
-0.140549 0.287713 -0.025544 -0.403215 -0.624085 -0.341187
0.0103765 0.122721 0.109656 0.349339 -0.143639 1.01196
-0.177797 0.246439 0.0907224 -0.884401 0.336576 0.792567
-0.0159412 0.102782 -0.0630045 0.0968274 -0.292159 -0.974764
-0.178393 0.181824 0.0323322 -1.17709 0.133284 0.0164153
0.0838993 0.204278 0.0155118 0.997207 0.611516 0.0206708
0.118829 0.134473 0.0349897 0.929192 0.666455 0.280563
0.0745078 0.219541 0.00591729 0.871493 0.750436 -0.28212
-0.0580671 0.313108 -0.00227618 0.468541 -0.343467 0.537718
0.0623241 0.140453 -0.0390521 0.666027 0.0802808 -0.833987
-0.124572 0.0734664 0.0358812 -0.834099 0.392198 0.664357
-0.126697 0.233867 0.0879982 0.772541 -0.0169337 0.446425
-0.183483 0.249216 0.0613103 -1.09349 0.051408 0.425673
-0.101665 0.281544 0.00841784 0.72868 0.666457 -0.394534
-0.171956 0.291348 0.0139069 -0.958905 0.360676 -0.599205
-0.018391 0.182032 -0.071961 0.14235 0.611179 -0.960778
-0.091583 0.333021 0.00585679 -0.150793 0.987355 0.75974
-0.151743 0.136014 0.0366751 -0.844743 -0.552184 0.251465
-0.152482 0.305457 -0.0256019 -1.14854 0.308559 -0.114208
-0.0235032 0.120756 -0.0709987 0.105285 -0.217207 -1.0033
0.108266 0.0951123 0.0280025 0.738147 -0.67643 -0.0612818
0.0140595 0.156486 -0.067389 0.301367 0.0706431 -1.02137
0.0832576 0.169135 -0.0175947 1.02512 0.0845616 -0.342777
-0.133289 0.0709649 0.0663282 -0.742956 -0.708627 0.209653
-0.144942 0.218101 0.0748515 -0.00982369 -0.733838 0.349725
-0.138392 0.304778 0.0680049 -0.263932 1.17866 0.537656
-0.0413354 0.254513 0.024621 -0.329724 1.21201 0.02951
-0.0658351 0.143725 0.0819692 0.387873 -0.0544734 0.9508
-0.0887114 0.333792 0.00541002 -0.147613 0.992014 0.755926
-0.174963 0.296789 0.0601385 -0.844638 0.878441 0.521891
0.114648 0.137225 0.00846588 1.03761 0.420106 -0.252533
-0.0943479 0.0800879 -0.0250452 -1.01867 0.336291 -0.307874
-0.162811 0.151622 0.00159726 -0.899361 -0.486352 -0.223089
-0.178929 0.28353 0.0641697 -1.15311 0.455885 0.210015
-0.0238577 0.125013 0.108706 -0.350913 0.124712 1.05371
-0.0422033 0.183721 -0.070682 -0.130959 0.914073 -0.747961
-0.152772 0.323561 -0.0594234 -0.758692 -0.387871 -0.415411
0.000566914 0.234038 0.0799334 0.0348157 0.877458 0.84468
0.0489668 0.216199 -0.0296062 0.316398 0.710525 -0.856723
-0.103044 0.201746 0.0848404 -0.0110685 0.627788 0.984856
-0.149818 0.320002 -0.0193121 -0.537044 1.15019 0.381747
-0.0251943 0.105991 0.10197 -0.30202 -0.268227 0.987028
0.0168896 0.072582 0.0902916 0.192949 -0.676157 0.729348
0.0313383 0.186409 0.0985508 0.424038 0.801569 0.782192
-0.174108 0.202158 0.0438403 -1.07507 0.431844 0.411954
-0.170585 0.301065 0.0137413 -0.78264 0.9725 -0.404067
-0.061714 0.198529 -0.0460129 -0.226992 0.430953 -1.00448
-0.0837795 0.0675434 -0.0248516 -0.0722507 -0.932317 -0.0127282
-0.0439898 0.216742 -0.04272 0.0147052 0.793981 -0.857183
0.0740032 0.191488 -0.021196 0.705732 0.633698 -0.657882
0.0615806 0.172821 -0.040777 0.591844 0.148444 -0.88826
-0.105714 0.228585 0.0694571 0.0269288 0.846701 0.844272
0.113443 0.137688 0.00593473 0.848364 0.238174 -0.664731
-0.141653 0.275101 -0.016088 -0.239077 0.357918 -1.00788
0.0793277 0.17181 0.065412 0.930181 0.196129 0.590252
0.101054 0.139827 0.0483411 0.076366 0.964682 0.613146
-0.0809248 0.0676341 -0.0315073 0.0967167 -0.915791 0.00480134
0.100189 0.110725 0.0592966 0.601208 -0.024984 0.914026
-0.0234089 0.147701 0.113019 -0.290695 -0.187037 1.01663
-0.139071 0.164149 -0.0335392 -0.441021 -0.0426397 -0.964165
0.0682796 0.105401 -0.0143695 0.814561 -0.383631 -0.465937
0.0152565 0.261355 0.00997113 0.279216 1.21893 -0.105706
-0.162523 0.155976 0.0498145 -0.991708 -0.296604 0.377875
0.110639 0.145881 0.0193904 0.067071 1.13417 -0.126841
-0.0255546 0.0850959 0.100722 0.291483 0.126321 1.04824
-0.102521 0.121248 -0.0206695 -0.653916 -0.119728 -0.819352
-0.0830207 0.06717 0.0117849 -0.0771522 -0.932523 -0.0122881
-0.0188601 0.219124 -0.0423717 -0.366576 1.10317 -0.354705
-0.0545993 0.0725611 0.106443 -0.248007 0.0880227 1.08744
-0.066218 0.106028 -0.0211624 0.0326025 -0.00397795 -1.01017
0.0150066 0.0699773 0.0840995 0.0342359 -0.928971 0.12572
-0.0609484 0.103153 -0.0348526 -0.995148 0.239435 -0.364548
-0.133958 0.168553 0.0868907 -0.60581 -0.205879 0.885111
-0.184265 0.241852 0.0661737 -1.16982 0.24914 -0.103041
0.0772222 0.197861 -0.0155881 0.96887 0.4846 -0.365939
-0.0934938 0.077253 0.0896295 0.252575 0.125972 1.02657
-0.141147 0.215716 0.0743813 -0.343629 0.327038 1.04732
0.0697513 0.0801419 0.0520554 0.283894 -0.609035 0.744282
-0.163908 0.28843 0.0832506 -0.722759 0.80399 0.732776
-0.180176 0.225742 0.0383141 -0.819852 -0.504385 0.278581
-0.0793886 0.0898003 -0.0443159 -0.751231 0.734835 -0.408401
0.0587743 0.22299 -0.0185624 0.637442 0.72147 -0.664056
-0.112897 0.216019 -0.035307 -0.470925 0.603823 -0.884674
-0.0176228 0.221745 -0.0400859 -0.147077 0.824597 -0.827367
0.0328395 0.251321 -0.0037784 0.323445 1.08401 -0.475136
0.068415 0.230374 0.0161913 0.868249 0.829349 0.0548319
-0.0765702 0.0749994 -0.0126633 0.489423 -0.659629 -0.386793
-0.0846837 0.0691614 0.0722459 -0.0819912 -0.929379 0.126185
-0.0650625 0.0685522 0.0460347 0.401552 -0.78849 0.264552
0.0729105 0.164859 0.0753429 0.868952 0.171778 0.680546
-0.0715707 0.216687 -0.0384706 0.287691 0.629157 -0.875608
0.0154245 0.0693255 0.0187884 0.131169 -0.923047 -0.0236433
0.0765914 0.218825 0.0229028 0.918882 0.754068 -0.0408214
-0.0732602 0.0931276 0.0804279 -0.0086213 0.412336 1.02591
-0.0765678 0.123599 0.0812667 -0.234176 -0.155584 1.02848
-0.0582184 0.102125 0.0816556 -0.395216 0.940695 0.509712
-0.123158 0.344845 -0.121843 0.127755 0.654034 -1.03915
-0.00694145 0.0723823 -0.0317719 -0.119245 -0.55549 0.7384
0.0861943 0.194502 0.00524777 1.00673 0.465891 -0.275747
-0.123716 0.135989 -0.0210435 -0.47711 -0.552196 -0.654695
-0.0176417 0.260421 0.028312 -0.155053 1.24484 -0.0814383
-0.0445309 0.195999 0.0886117 -0.0922991 0.445567 1.05579
-0.0505552 0.359402 -0.0352516 -0.746632 0.728072 -0.651335
-0.129196 0.197475 0.0848543 -0.519353 0.401311 0.982757
-0.0351544 0.345839 -0.0324049 0.483925 0.565663 0.79357
-0.114718 0.22844 0.0723547 0.153957 -0.301116 0.876957
-0.0421753 0.334605 -0.0372547 -0.179763 -0.0720619 -0.940411
0.00453116 0.183527 0.110333 0.203127 0.543332 1.02198
-0.0339287 0.107878 -0.0660694 -0.177247 -0.421126 -0.902499
-0.158128 0.173792 0.070487 -0.948408 0.111013 0.680007
-0.098576 0.0764892 -0.0240721 -0.413644 0.282466 -0.95052
-0.175601 0.176453 0.0408635 -1.05529 -0.292647 0.118881
-0.00856362 0.137948 -0.0709196 0.232246 -0.0532922 -1.02246
-0.138239 0.0685753 0.0157904 -0.361071 -0.906255 0.0230204
-0.127414 0.19855 -0.0350669 -0.389588 0.324224 -0.991869
-0.155803 0.181698 0.0742411 -0.945845 0.140806 0.685929
-0.114596 0.244923 0.0793338 0.534542 0.0412432 0.812228
0.118947 0.115479 0.0179633 1.02551 -0.200915 -0.261386
-0.126222 0.122623 -0.000981331 -0.475736 -0.790835 -0.209393
-0.102167 0.282956 0.033449 0.779301 0.664814 0.311296
-0.180182 0.269628 0.0529499 -1.07674 0.661393 0.259582
-0.0549184 0.0824536 0.105038 -0.472644 0.24311 0.999295
-0.0317622 0.123922 0.105737 -0.4045 -0.191348 0.978474
-0.0990588 0.184051 -0.0441639 -0.147427 0.16029 -1.04271
-0.114616 0.121236 -0.00417157 -0.285743 -0.701688 -0.545939
0.0112837 0.140519 0.110649 0.19395 -0.00175534 1.08347
0.0595229 0.221913 0.0660926 0.752931 0.612784 0.671407
-0.115223 0.193734 -0.0405301 -0.599722 0.277081 -0.911342
-0.113583 0.318952 0.00715616 -0.679596 1.13401 0.130899
-0.183016 0.228262 0.0287939 -0.878787 -0.478441 -0.0995575
-0.150183 0.134015 0.0248961 -0.814137 -0.613005 -0.00864015
0.0759785 0.106307 0.0628515 -0.0861346 0.252617 1.03872
-0.0200017 0.348206 -0.0495853 0.878762 0.605785 0.305206
-0.0619932 0.223092 -0.035494 -0.11475 0.673996 -0.926506
-0.161467 0.298119 0.000660883 -0.849877 0.712361 -0.594734
0.0455628 0.137843 0.09406 0.704821 -0.103577 0.806166
-0.0457149 0.356907 -0.0263317 0.716497 0.107244 0.570914
-0.0610636 0.163877 0.0843861 -0.302175 -0.0709789 1.02604
-0.0576939 0.168239 0.0910179 -0.965341 0.176352 0.510673
-0.0417518 0.130782 -0.0719079 -0.599114 -0.264586 -0.801998
-0.159879 0.280756 0.0926807 -0.707514 0.796262 0.751733
0.0285358 0.0984725 0.0928563 0.545174 -0.334034 0.83179
-0.0596753 0.319809 0.000112893 0.0884211 0.988369 0.728876
-0.0566299 0.154128 0.0876338 -0.870506 -0.144561 0.586022
-0.128856 0.0779495 0.05478 -0.924216 0.284386 -0.515121
-0.0255357 0.154956 -0.076479 0.1187 0.0688792 -1.06227
0.0537848 0.0702314 0.0334276 -0.0915001 -0.908463 -0.111658
0.0259792 0.0696854 0.067269 0.0582013 -0.929542 0.0897494
0.080846 0.166126 -0.0221231 0.860475 -0.116362 -0.581032
-0.171442 0.202507 0.00477162 -1.08097 0.420575 -0.349061
-0.0327015 0.188151 0.107961 -0.216927 0.582142 1.00842
0.113229 0.103382 0.0373711 0.883843 -0.517481 0.181189
-0.171 0.284667 0.0108128 -1.06283 0.691139 -0.187716
0.0702812 0.124499 -0.0276477 0.825016 -0.0975276 -0.644964
-0.159084 0.255205 0.104596 -0.594237 0.255144 1.00495
-0.153835 0.353442 -0.0937733 -0.448679 1.23739 0.269134
-0.177345 0.301059 0.0481051 -0.776554 1.09593 0.143656
0.0240344 0.135892 -0.0622022 0.353167 -0.00949577 -0.995227
-0.127278 0.089322 0.0682028 -1.05102 0.459964 -0.0283971
-0.0803202 0.243538 -0.0229537 -0.094039 0.772065 -0.87176
-0.126554 0.332502 -0.11983 -0.51879 0.169743 -1.02518
-0.149556 0.310764 0.0415161 -0.246472 1.30606 0.0430086
-0.139917 0.290231 0.0852599 -0.0730125 0.914523 0.863581
-0.115457 0.20878 -0.0362105 -0.346303 0.380471 -0.993933
-0.059942 0.0742576 0.0551275 0.649087 -0.609718 0.22675
0.0357074 0.12224 0.0985101 0.37443 0.0802584 1.03846
-0.0262774 0.32874 -0.0370078 0.228044 -0.569444 -0.395597
-0.179376 0.27938 0.059643 -1.15817 0.12033 -0.0694763
0.00965791 0.104295 0.105733 0.224895 -0.00387988 1.07629
0.0618547 0.0863752 -0.010567 0.326426 -0.460209 -0.805078
-0.0968357 0.301859 0.0207784 0.682767 0.0869216 0.609014
0.0562254 0.0887229 0.0701189 0.778997 -0.503686 0.426002
-0.123294 0.312789 -0.0473019 0.857534 0.133459 -0.123577
-0.0937048 0.256525 0.0494288 0.760044 0.710014 0.305281
-0.0252205 0.205205 -0.0470357 0.0465623 0.58569 -0.969033
-0.0676319 0.0705068 0.00981815 0.523919 -0.643263 -0.365149
-0.131788 0.0899274 0.0114018 -0.61169 0.966884 -0.0139301
0.0352453 0.07229 0.0844224 0.699796 -0.614366 0.37917
0.0241434 0.162912 0.107389 0.268389 0.480942 1.02347
-0.101493 0.193194 0.0876498 -0.25728 0.263327 1.07295
-0.113059 0.113787 0.0156294 -0.872291 0.208326 0.659547
-0.130971 0.360613 -0.116312 -0.434336 0.931622 -0.879149
-0.124212 0.311162 0.0491062 0.119346 1.27358 0.169261
0.0523334 0.190442 -0.0405552 0.546636 0.494091 -0.855087
-0.0411388 0.0676503 -0.0516838 -0.0317062 -0.932205 -0.0375198
0.0810074 0.145299 -0.0183097 0.860916 0.222871 -0.639378
-0.0688022 0.252544 0.00277467 0.232179 1.15399 -0.308368
-0.110533 0.266359 -0.00945962 0.362322 0.59454 -0.827203
-0.105396 0.099828 0.026961 -0.835232 0.243924 0.695225
-0.121126 0.0739214 0.0398304 -0.906827 0.529114 -0.379066
0.0887443 0.140516 0.0010699 0.969598 0.0307254 -0.459411
-0.130828 0.320828 -0.111531 0.272204 -0.321164 -0.763767
-0.12344 0.0905632 0.0759083 -0.393124 1.026 0.304448
0.032908 0.20888 -0.0396897 0.360389 0.828669 -0.752864
-0.172695 0.169796 0.00615654 -1.06056 -0.172829 -0.300938
-0.115856 0.313288 0.00185034 -0.786698 0.692399 -0.635524
-0.160964 0.157234 0.0590788 -0.782198 -0.356703 0.650634
-0.126665 0.0762939 0.083309 -0.93252 0.456845 0.536937
0.0503581 0.161924 -0.0488137 0.667721 0.213648 -0.83379
-0.136173 0.327562 -0.109268 -1.07967 0.331286 -0.440632
0.121469 0.128943 0.029684 1.08704 0.0371113 0.273062
-0.162184 0.213777 -0.00726446 -0.828464 0.600348 -0.644944
-0.0909927 0.0995612 0.0776406 -0.443877 0.820569 0.67398
-0.0584502 0.134969 -0.0594329 -0.967222 -0.178318 -0.335086
-0.144241 0.193435 -0.0297496 -0.484561 0.295699 -0.964482
0.070133 0.198775 0.0696976 0.757317 0.614891 0.665202
-0.130978 0.309553 -0.0120741 0.570561 0.913542 0.366134
-0.0794409 0.0808432 -0.0524067 -0.690878 0.610704 -0.640107
-0.136059 0.257315 0.0989341 0.629207 0.621511 0.629715
-0.0323763 0.326218 -0.0341855 -0.283067 -0.238143 -0.82073
-0.161379 0.154939 0.0559975 -0.989557 -0.40538 0.0688174
-0.0402848 0.168012 0.112565 -0.400637 0.0953723 1.04255
-0.0919696 0.211396 0.0810593 -0.199529 0.610015 0.991847
-0.0585025 0.227052 0.0696765 -0.153521 0.89328 0.809346
-0.0150423 0.257236 0.0537944 -0.193423 1.05073 0.635639
0.0608044 0.176684 0.0865964 0.581754 0.273492 0.934677
0.0710338 0.0920033 0.0604944 -0.0255909 -0.360015 0.947254
0.0496674 0.183201 0.0925311 0.493593 0.452358 0.947215
-0.0252276 0.217346 0.0850583 -0.162158 0.666752 0.967829
-0.114492 0.228265 0.0721958 0.194658 -0.119843 0.957208
-0.0735238 0.231788 0.0654895 0.0332005 0.802936 0.879369
-0.162696 0.19578 0.0652662 -0.818774 0.385649 0.795685
0.0385594 0.110992 0.0965806 0.336564 -0.444316 0.872999
-0.0669081 0.197142 -0.0454679 -0.225382 0.432981 -1.00425
-0.0342015 0.067991 -0.0399528 -0.0236786 -0.931296 -0.00368758
0.00187037 0.2534 -0.0107861 -0.000813733 1.07366 -0.582767
-0.0773236 0.245895 -0.0203585 0.286378 0.883771 -0.699207
-0.126062 0.0842192 0.0531636 -0.678865 0.70267 -0.505341
-0.0415466 0.0951783 0.0992815 -0.0292608 0.873066 0.727565
0.11678 0.117872 0.0427452 1.06236 0.0600524 0.362946
-0.125647 0.287894 -0.0121715 0.560063 0.44583 -0.722705
-0.0459722 0.211538 0.0842265 -0.257299 0.70673 0.926917
0.0182826 0.0691763 -0.0259869 -0.427811 -0.519206 0.648407
0.0402269 0.180657 0.0967958 0.101196 0.356403 1.07934
-0.0831455 0.244581 -0.0223767 0.00240525 0.755269 -0.877876
-0.0803017 0.0694631 -0.0206429 0.641081 -0.590534 0.189144
-0.12197 0.143925 0.0785543 -0.410825 -0.590453 0.692763
-0.133372 0.268975 0.0883446 0.716428 0.369926 0.605693
-0.12506 0.310356 0.0107376 -0.0657657 1.277 -0.238442
-0.0432506 0.0761085 0.0331641 -0.0307025 -0.923303 0.0651
0.0414498 0.203987 0.0895936 0.562546 0.570373 0.86045
0.071782 0.224356 0.0366778 0.91049 0.752684 0.168732
0.0888892 0.164108 0.0486562 1.05154 0.191156 0.318043
0.116251 0.141143 0.0279631 0.868588 0.745886 0.28926
-0.0998966 0.10518 0.0684281 -1.04631 0.0094485 0.376883
-0.111001 0.0668532 0.0211496 -0.0956965 -0.933004 0.0139577
0.0884075 0.109239 0.0642083 -0.0280664 0.27141 1.04407
-0.0847212 0.124846 -0.0258152 0.0705679 -0.0289613 -1.00164
-0.0827206 0.0700917 0.0182182 -0.253404 -0.884255 0.263349
-0.114235 0.113356 0.00709046 -1.114 0.0946238 0.0175795
0.0340754 0.128582 0.100045 0.525386 -0.199127 0.907028
-0.0771581 0.248922 0.0488056 -0.254531 0.965421 0.723467
-0.0554007 0.339483 -0.0360001 -0.50617 0.347054 -0.928608
-0.140907 0.132386 0.0495725 -0.689608 -0.638098 0.374043
-0.178208 0.186307 0.0197487 -1.15475 0.264532 -0.180882
0.113593 0.122557 0.0491168 0.918991 0.00447189 0.62997
-0.0823941 0.068265 -0.0552207 -0.530611 -0.786604 -0.316564
-0.145533 0.143258 0.064132 -0.671704 -0.592215 0.491011
-0.10088 0.264122 -0.00350617 0.684152 0.577728 -0.537713
0.107006 0.115704 0.0553553 0.694873 0.156939 0.863261
-0.130472 0.136399 0.0656739 -0.398075 -0.607887 0.677579
-0.109427 0.102184 -0.00757126 -0.947277 0.536665 -0.338075
-0.0893302 0.138062 -0.0313729 -0.397863 -0.402995 -0.813719
-0.0360204 0.0700169 -0.0379096 -0.148039 -0.554499 0.735028
-0.173942 0.217865 0.0288643 -0.937737 -0.395645 -0.171688
0.0762262 0.177319 -0.0281539 0.809888 0.516019 -0.61724
-0.0773121 0.0728401 -0.0584687 -0.558612 0.319145 -0.899708
-0.106775 0.089936 0.0349038 -0.656089 0.754189 0.541878
0.0603187 0.0745091 0.00283334 0.339975 -0.82531 -0.332007
-0.107623 0.107627 -0.0116939 -1.02796 -0.0462133 -0.371306
-0.0677327 0.0689845 0.0276401 -0.413578 -0.859156 0.165284
0.0219356 0.0697193 0.0548074 0.0227851 -0.930261 0.0485805
-0.100941 0.234358 0.0640491 0.559043 0.0362639 0.788742
-0.0830648 0.252568 -0.00896244 0.106081 1.19052 -0.299616
-0.115666 0.289683 -0.00440278 0.103622 0.181119 -0.974004
0.0854535 0.177404 0.0532149 0.96982 0.34089 0.490442
0.0351425 0.219568 -0.0327122 0.41241 0.602802 -0.875802
-0.104353 0.0946639 0.0439616 -0.939467 0.577345 -0.219861
-0.135927 0.183337 -0.0339622 -0.492163 0.29288 -0.961915
-0.168012 0.154343 0.0203811 -0.997889 -0.403438 0.00677245
-0.00628992 0.185934 0.110841 0.0822752 0.514243 1.05125
-0.124017 0.0714358 -0.0166011 -0.420128 0.23025 -0.958459
-0.0324628 0.102124 0.0972691 -0.570869 -0.205739 0.881705
-0.181743 0.261599 0.0637139 -1.12755 0.583436 0.106891
-0.0431025 0.241537 -0.0195212 -0.0712479 1.00011 -0.670496
-0.100763 0.104166 0.0668827 -0.961476 0.201161 0.566648
0.0195125 0.230138 -0.0346285 0.375022 0.725581 -0.827187
0.01826 0.0692753 -0.0347156 0.0702783 -0.928768 -0.0694182
-0.13858 0.321539 -0.0198711 0.328323 1.1184 0.363548
-0.0760132 0.239571 0.0594289 -0.118793 1.04461 0.6511
-0.169735 0.307518 0.0396411 -0.643998 1.16509 0.238753
0.0675739 0.10236 -0.0142607 0.0305139 0.425867 -0.959761
-0.0562236 0.216324 0.0788336 -0.274818 0.712429 0.919129
-0.0655161 0.248564 -0.00557574 0.23349 1.15008 -0.318419
0.0154044 0.156923 0.1121 0.340894 0.218922 1.05561
-0.124254 0.117574 0.0177593 -0.475615 -0.794667 -0.192861
-0.105134 0.164385 -0.0429686 -0.0150901 0.0224225 -1.02874
-0.0197148 0.198013 -0.0522841 0.0270569 1.08933 -0.503245
-0.106583 0.300898 0.0428827 0.849145 0.295135 0.337077
-0.171391 0.24661 0.097878 -1.00954 0.355383 0.632364
-0.0752619 0.249836 0.0476257 0.0819681 1.19974 0.317738
-0.0835612 0.0705791 0.0297064 -0.0872996 -0.927855 -0.0261032
-0.133347 0.243513 0.103093 0.681382 0.376822 0.667402
-0.132006 0.0752916 0.0621276 -1.06809 0.39838 -0.0770366
-0.0957594 0.23732 0.0608678 -0.125036 0.857441 0.844827
0.00470943 0.116371 -0.0642633 0.189579 -0.172514 -1.00361
-0.137265 0.0857815 0.0102189 -0.960969 0.651959 0.0411253
-0.111532 0.0679029 0.0407922 -0.171873 -0.926272 0.130099
-0.147735 0.224341 -0.0155428 -0.762498 0.546491 -0.735464
-0.15189 0.158774 0.0708322 -0.849502 -0.318581 0.605126
-0.166902 0.179721 -0.0102168 -0.888678 0.0639505 -0.692592
0.0589372 0.139777 0.0835465 0.644154 0.154898 0.894282
-0.148238 0.140162 -0.00565519 -0.761828 -0.576572 -0.337015
-0.0996359 0.113416 -0.0192441 -0.495803 -0.198125 -0.882953
-0.0298303 0.17538 0.113685 -0.0543146 0.307073 1.10467
0.0571737 0.10906 0.0790777 0.576872 -0.283621 0.837837
-0.100597 0.240368 -0.0261464 -0.39587 0.73335 -0.844549
-0.12297 0.15006 -0.0341171 -0.273032 -0.0989159 -0.990931
-0.0883674 0.156129 0.0851094 -0.298599 0.209045 1.06133
-0.0884099 0.318145 0.0143808 0.648602 0.21516 0.682368
0.0702827 0.168937 -0.0351946 0.771519 0.0514203 -0.738371
0.0536444 0.0773246 0.0561079 0.337313 -0.796198 0.451696
-0.0625504 0.241437 0.054417 -0.0478755 1.1596 0.450358
-0.0659894 0.155103 -0.0568596 -0.995991 0.231863 -0.416311
-0.0796631 0.0952749 -0.0335508 -0.27498 1.02236 -0.353496
-0.171757 0.236491 0.0953625 -0.212887 -0.00411709 1.06511
-0.112656 0.0920957 0.0263233 -0.549001 0.840532 0.525769
0.0350031 0.230965 0.0725026 0.075028 0.726854 0.939965
-0.114489 0.0918141 -0.00974831 -0.552027 0.84252 -0.504724
0.0188171 0.0714134 -0.0176505 -0.656254 -0.518105 -0.461212
-0.0704134 0.177673 -0.0486716 -0.228238 0.291485 -1.02956
-0.1104 0.0942917 0.0783683 -0.533223 0.987044 0.233974
0.00341075 0.221902 0.0840465 0.241492 0.501159 1.01428
-0.174137 0.278282 0.082423 -0.999124 0.549113 0.578454
0.0643776 0.0926825 0.0615194 0.62487 -0.387164 0.736497
0.025413 0.230462 0.0741968 0.211596 0.639913 0.967329
-0.103292 0.109421 0.038477 -1.02267 0.0178238 -0.344074
-0.021853 0.0753427 0.0992916 0.319767 0.0435486 1.03859
-0.0257146 0.242189 -0.021985 -0.2351 1.03329 -0.596716
-0.122851 0.277366 -0.0127004 0.161361 0.390544 -0.964758
-0.0262846 0.33345 -0.041519 -0.24914 -0.319163 -0.765696
-0.081263 0.161603 -0.0411013 -0.350573 -0.289011 -0.89223
0.0585747 0.15084 0.0859448 0.751202 -0.0713978 0.77215
-0.022296 0.25224 0.0577667 -0.383727 1.08914 0.468822
-0.0143001 0.12778 -0.0709383 0.140898 0.273833 -1.04797
-0.125987 0.34897 -0.109603 0.829385 0.604563 0.0385037
-0.0692977 0.173772 0.0863039 0.21867 0.0801637 1.03936
0.00530278 0.214648 0.0854795 0.251829 0.430288 1.03032
-0.00617379 0.177442 0.113698 -0.00505646 0.313535 1.10439
-0.0796256 0.150567 0.0848444 0.248854 -0.10154 0.995088
-0.022798 0.14203 -0.0746892 0.13128 0.0164546 -1.05474
0.00549662 0.234154 -0.0331104 -0.0503031 0.86112 -0.810156
0.0241252 0.168522 0.105945 0.762113 -0.0110335 0.756432
0.00278039 0.0707245 0.0919721 0.0333792 -0.917095 0.244537
-0.129246 0.324135 -0.0400264 0.715786 0.793999 0.215214
-0.0124682 0.233516 0.0787941 -0.12348 0.692487 0.960283
-0.131724 0.309038 -0.0930343 0.748938 -0.116178 -0.301904
-0.107333 0.224098 0.0731629 -0.117527 0.763563 0.91511
0.0892882 0.177 -0.00110328 0.98686 0.430498 -0.361803
-0.00150039 0.195581 -0.0547753 0.0658773 1.09826 -0.479792
0.0377638 0.102314 -0.0512098 0.43241 -0.445075 -0.789193
-0.139446 0.35529 -0.11447 -0.772033 0.539452 -0.866746
-0.0105783 0.140681 0.113408 -0.179521 -0.312437 0.988703
0.0473971 0.241225 0.0561821 0.557806 0.993202 0.473331
-0.0622178 0.0763659 -0.0334054 0.396364 -0.746826 0.301345
0.00152737 0.203283 -0.0452706 0.13292 0.389114 -1.01903
-0.156774 0.234617 0.10009 -0.786449 -0.0860018 0.807701
-0.158841 0.302385 0.0661868 -0.39376 1.16844 0.5075
-0.0692487 0.0823746 0.0968806 -0.912518 0.204715 0.620263
-0.16856 0.219543 0.0512484 -1.13966 0.237876 0.289202
0.0188023 0.236409 0.0732095 0.331429 0.649526 0.928545
-0.0764778 0.219198 -0.0382342 -0.0907263 0.751335 -0.884773
-0.17549 0.211923 0.0285563 -1.11329 0.528065 -0.114937
-0.0896985 0.294261 -0.00389762 0.37201 -0.592093 -0.038563
-0.0338058 0.21991 0.0823299 -0.312236 0.745435 0.886258
-0.052813 0.0951925 -0.0517993 -0.170253 0.804663 -0.74668
-0.0115963 0.0774391 -0.0267001 -0.0289677 -0.913927 0.103265
0.0529365 0.0700491 0.0135945 0.0639069 -0.928476 0.066769
0.0872938 0.185028 0.000139001 0.984699 0.461884 -0.343393
0.0436526 0.206328 0.0863638 0.489162 0.819486 0.738712
-0.108746 0.130214 -0.0195388 -0.334011 -0.627636 -0.631846
0.0616819 0.196365 0.0789777 0.633416 0.55035 0.819123
-0.148502 0.305361 -0.0501179 -1.13501 0.398407 -0.184831
0.101712 0.145514 0.0384913 -0.030709 1.06176 0.416584
0.0821289 0.147666 -0.0162959 0.986782 0.132234 -0.442164
-0.120206 0.187414 -0.0388763 -0.492847 0.3392 -0.954354
-0.150313 0.144347 -0.0100311 -0.733672 -0.548971 -0.433119
0.0672905 0.197829 -0.0253191 0.658434 0.295543 -0.825945
-0.0311214 0.367324 -0.0426929 0.763708 0.742162 0.434531
0.0803729 0.13306 0.0619601 0.928948 0.0681381 0.587037
0.00566585 0.165099 0.113886 0.12494 0.100049 1.10461
0.0472908 0.216937 0.0770859 0.331186 0.59672 0.957522
-0.1281 0.262996 0.0844992 0.623062 0.59794 0.65333
0.0748627 0.102546 -0.0132106 0.24133 0.0718265 -0.998779
-0.0500983 0.185755 0.0938755 -0.683866 0.66707 0.699411
-0.113383 0.282974 -0.00523827 0.42664 0.663255 -0.756079
-0.117761 0.280524 -0.00903517 0.417743 0.536761 -0.813757
-0.0689204 0.141099 0.0827204 0.0608048 0.0589026 1.07086
-0.0577725 0.0713377 0.105683 -0.750254 -0.106793 0.804781
-0.136411 0.321372 -0.108552 -1.08105 0.294628 -0.43556
0.0882679 0.151388 -0.0032606 1.02104 -0.00648472 -0.327312
-0.145668 0.0730312 0.0148001 -0.805359 -0.671755 0.115299
-0.127611 0.307937 0.000543209 0.243288 1.16449 -0.358265
-0.0313949 0.228168 -0.0343535 -0.0290598 0.782151 -0.866878
-0.0166117 0.259496 0.0396884 -0.181119 1.23919 0.154331
-0.162512 0.256838 -0.00957939 -0.634233 0.428439 -0.874468
0.040541 0.0725946 -0.00874333 0.875079 -0.439968 -0.210796
0.0401833 0.0920792 -0.0423374 0.51399 -0.210702 -0.869278
-0.130894 0.301067 -0.0666919 0.521924 -0.428882 -0.269184
0.109672 0.110774 0.0520426 0.751621 -0.397904 0.625757
-0.0905986 0.0850734 -0.0303514 -0.827383 0.685842 -0.340553
0.0253739 0.0690138 -0.017769 0.0469913 -0.930732 -0.02419
-0.075178 0.0699406 0.0867129 -0.0899801 -0.927522 0.156356
-0.0486792 0.16562 -0.0751839 -0.356822 0.198964 -1.02594
-0.100012 0.140747 -0.0300943 -0.0893725 -0.56991 -0.733552
0.00497049 0.2589 -0.0037737 0.225528 0.939788 -0.702161
-0.0917581 0.264129 0.0332892 0.719204 0.809253 0.245845
-0.0211536 0.331867 -0.0396108 0.716823 -0.34254 -0.0158311
-0.151486 0.296751 -0.0286098 -0.949173 -0.283807 -0.191853
-0.0725098 0.0676972 0.0170989 -0.223604 -0.757301 0.561662
0.0418508 0.11996 -0.053573 0.649323 0.184519 -0.845286
-0.132627 0.338077 -0.0682039 0.431248 1.11548 0.210537
-0.0707185 0.254228 0.0291738 0.0870751 1.21007 0.277099
-0.0478289 0.36718 -0.0265315 -0.342953 1.30797 0.140265
-0.0346812 0.366324 -0.0366165 0.705282 0.771659 0.500187
-0.081275 0.306555 0.00878519 0.477469 0.0437389 0.795381
-0.068921 0.336176 -0.00517325 0.690039 0.11003 0.605431
0.0140285 0.255056 0.0566667 0.0331349 1.09028 0.606237
-0.0831451 0.317549 -0.0213701 -0.608878 0.309288 -0.87198
-0.0724479 0.0693379 0.0509057 -0.312196 -0.899777 -0.00685544
-0.154792 0.167866 -0.0224134 -0.921763 0.111257 -0.661594
-0.144557 0.0728281 0.0167396 -0.780581 0.476802 0.674219
0.0243129 0.0794638 0.0889361 0.235031 0.122148 1.06555
-0.104729 0.324652 0.00902111 -0.643227 1.11979 0.287905
0.0078337 0.132488 0.110969 0.251837 0.324839 1.06148
-0.153853 0.298813 -0.0105209 -1.14944 0.299342 -0.104391
-0.112007 0.0693523 0.0619255 -0.128302 -0.929474 0.107533
0.0715255 0.216738 -0.00725533 0.881661 0.690205 -0.352956
-0.172678 0.237115 0.0954039 -0.446912 -0.196769 0.953623
0.105704 0.108649 -0.00154532 0.816119 -0.0911197 -0.67638
-0.180063 0.226008 0.0773054 -0.510003 -0.707252 0.219313
-0.115041 0.0895475 0.0881451 -0.0044756 0.761733 0.820226
0.0341198 0.256062 0.0388231 0.379956 1.17242 0.24053
-0.00367432 0.0775797 0.000694264 0.0103625 -0.921258 -0.0454142
-0.044533 0.241656 0.0614417 -0.339445 1.11983 0.438051
-0.0606584 0.322053 -0.00187405 0.161105 1.12246 0.555047
-0.136805 0.243032 0.10525 0.254647 0.0123045 0.996054
0.0777201 0.079645 0.00441975 0.407881 -0.81175 -0.306077
-0.129498 0.291921 -0.0355528 0.460311 -0.458532 -0.333793
-0.0183229 0.0765391 0.0302637 0.00650947 -0.923109 0.0209456
0.0596381 0.0786647 -0.00484786 0.271313 -0.69508 -0.601935
-0.00553374 0.0982253 -0.0599156 0.092964 -0.286215 -0.977795
0.0887743 0.173862 0.045807 1.06198 0.2532 0.261612
0.00709894 0.118445 0.10864 0.246986 -0.307475 0.98102
0.0113248 0.0711931 0.0469022 -0.41241 -0.759112 0.408899
-0.100649 0.199489 -0.0435618 -0.0676512 0.290488 -1.03887
-0.103312 0.100271 0.0457788 -1.06503 -0.0764763 -0.163661
-0.121623 0.312349 0.00665182 -0.384418 1.05996 -0.60328
0.0665582 0.20919 -0.0218371 0.584728 0.643202 -0.758813
-0.0697916 0.254331 0.019423 0.196463 1.21768 -0.0133971
0.0646266 0.23378 0.00535182 0.679301 0.918035 -0.387037
-0.15288 0.247734 0.104792 -0.196073 0.356536 1.09792
0.0885475 0.0869351 0.0015304 0.556494 -0.633297 -0.510614
-0.124643 0.303044 -0.0020784 0.741842 0.748827 -0.226761
-0.125178 0.0743915 0.0860308 -0.666241 0.195246 0.918283
-0.146124 0.16565 -0.031362 -0.708459 -0.314176 -0.704821
-0.102047 0.136637 0.0741532 -0.105594 -0.482478 0.859445
-0.0124766 0.208644 0.0880428 -0.0442856 0.244959 1.08688
0.101454 0.0925767 0.0428024 0.782463 -0.540284 0.411197
-0.0310927 0.073219 0.0847437 -0.240131 -0.618103 -0.606905
-0.0901513 0.257854 0.00272847 0.114706 1.18091 -0.322836
0.0260867 0.248631 -0.0120081 0.298906 1.06779 -0.51654
-0.0906793 0.259608 0.0122215 0.608558 0.934729 -0.222894
-0.0903906 0.317929 0.0154982 0.182475 0.645759 0.919971
-0.170355 0.195977 0.0538421 -1.01502 0.384043 0.555015
0.0377332 0.0712801 0.0128082 -0.264612 -0.878092 0.098135
-0.142119 0.334271 -0.0421827 -0.404054 1.19299 0.398259
0.0458814 0.173139 -0.0501696 0.515149 0.214504 -0.932257
-0.106141 0.214487 -0.0383928 -0.584165 0.540973 -0.853807
-0.0363339 0.134006 0.105913 -0.620429 -0.0786019 0.889259
-0.111448 0.253703 -0.0126782 0.262387 0.428317 -0.923588
-0.0206192 0.135785 0.109336 -0.231762 0.194659 1.08502
-0.0908862 0.0711494 -0.0431713 -1.0147 0.292593 -0.355458
-0.00856169 0.115164 -0.0664748 0.171341 -0.171086 -1.00759
-0.118614 0.0886863 0.0523404 -0.585911 0.861882 -0.376381
-0.168368 0.196069 -0.00520802 -1.0717 0.321957 -0.41526
-0.0680551 0.346252 -0.00411316 0.0986264 0.88489 0.821772
0.0537526 0.243437 0.0108099 0.626933 1.06173 -0.0322605
-0.0145641 0.19884 0.0969562 -0.0580953 1.10235 0.523308
-0.157672 0.219292 0.0805162 -0.386909 -0.718239 0.342214
-0.044335 0.105901 -0.0590976 -0.59634 -0.114096 -0.863394
-0.183199 0.230604 0.076129 -1.14338 -0.0400191 0.00671169
0.0769473 0.150858 0.0696964 0.924446 0.085428 0.596447
-0.0935101 0.0703456 0.0187506 0.233812 -0.858234 0.193677
-0.0933259 0.248212 0.0541482 0.770232 0.320471 0.553193
-0.114881 0.301707 -0.00236422 -0.460684 0.696385 -0.853628
-0.0357104 0.37275 -0.0437219 -0.72781 0.761257 -0.652048
-0.15327 0.161394 -0.0204781 -0.840381 -0.254367 -0.616315
-0.0967972 0.123054 0.0720299 -0.831678 0.158419 0.749304
0.0732276 0.145591 0.0734 0.591826 0.228893 0.92435
-0.059912 0.35966 -0.0152716 -0.64344 1.16849 0.0574757
0.0469223 0.24553 0.000131692 0.618465 1.00724 -0.305053
-0.0446462 0.157001 0.108598 -0.427664 -0.187566 0.965669
0.0569515 0.0745094 0.0486041 0.270677 -0.743147 0.583168
-0.0813082 0.139294 -0.0333906 0.0489236 -0.275616 -0.933885
0.0208798 0.116962 0.104087 0.396629 0.0507281 1.02844
-0.0455632 0.25229 0.0371064 -0.308104 1.20404 0.195966
-0.0100461 0.247489 0.0670799 -0.0273593 1.04485 0.670328
-0.183311 0.263382 0.0236849 -1.08637 0.644418 -0.174568
-0.100933 0.253325 0.0649883 0.661267 0.304239 0.710325
-0.0714586 0.154032 -0.0402895 -0.464419 -0.260622 -0.861048
-0.0593508 0.243146 -0.0141985 -0.168519 1.0735 -0.560639
-0.167296 0.251131 0.100087 -0.671915 -0.102869 0.887516
-0.158408 0.142883 0.0149404 -0.909563 -0.509814 -0.083814
0.0951127 0.130886 0.0552764 -0.101104 0.699543 0.854105
0.0849271 0.148232 0.0562079 0.948871 0.133611 0.559584
-0.166928 0.294859 0.0727419 -0.764365 0.909145 0.588223
0.0738701 0.11939 -0.0202206 0.798061 -0.36772 -0.508351
-0.116788 0.153404 -0.0367249 -0.440777 -0.152734 -0.931884
-0.122363 0.288679 0.0718537 0.16152 0.258893 1.03025
0.0313747 0.0694133 -0.0204324 0.0950526 -0.92787 -0.0574742
-0.119947 0.276193 0.0682608 0.411773 0.754976 0.766859
-0.0936422 0.14699 0.0840543 -0.146577 0.0156847 1.07398
-0.147854 0.226472 0.0979617 -0.184199 -0.58223 0.685057
0.0568511 0.144188 -0.0436384 0.781452 -0.0961979 -0.689525
-0.0488596 0.36616 -0.0290531 -0.635843 1.16555 -0.157219
-0.147862 0.254702 -0.0170225 -0.16675 0.291217 -1.01618
-0.02531 0.0780926 0.0696104 0.00491444 -0.919521 0.131693
0.0364087 0.214224 0.0835549 0.108461 0.917939 0.790374
-0.06713 0.0765804 -0.00991639 -0.0700479 -0.923179 -0.031658
-0.146414 0.198941 -0.0266917 -0.605938 0.531765 -0.850139
-0.0284055 0.359455 -0.0429913 0.795307 0.587069 0.476325
-0.0286213 0.0959276 0.0967644 0.222479 0.647491 0.892205
-0.153753 0.307183 -0.00794954 -1.08696 0.660216 -0.0750151
-0.0519673 0.182749 0.0942436 -0.693808 0.559306 0.76226
0.0157797 0.190817 -0.0563546 0.312739 1.0098 -0.547357
-0.154734 0.312206 -0.0288652 -1.00089 -0.205388 -0.155802
-0.0476528 0.347928 -0.0398563 -0.497845 0.352688 -0.932775
0.0856061 0.0803378 0.0183825 0.546233 -0.807158 0.0315825
-0.0731603 0.0689452 0.0679834 -0.0882827 -0.929739 0.116985
-0.114429 0.298104 0.0646345 0.735861 0.391696 0.582561
-0.145617 0.129327 0.0289101 -0.879832 -0.549584 0.0260019
-0.0331117 0.321415 -0.0188201 0.648632 0.335972 0.712627
-0.149657 0.177017 0.0799743 -0.662591 -0.0441681 0.909418
-0.00247012 0.119341 0.110603 -0.0423284 -0.274984 1.02871
-0.0984393 0.247022 -0.0199008 -0.172202 1.02668 -0.641747
-0.0838347 0.0686104 0.0487424 0.0692036 -0.912816 -0.0669352
-0.0156295 0.250378 -0.0163293 -0.327426 0.920912 -0.689507
-0.0908902 0.105668 0.0761546 -0.571286 -0.0192211 0.944269
-0.151626 0.190502 0.0765414 -0.809003 0.372659 0.807756
-0.0068854 0.131969 0.112439 -0.147673 0.125694 1.10246
-0.0454364 0.0732017 0.106624 0.0650644 -0.729475 0.692712
-0.0986962 0.267573 0.0487672 0.737297 0.66036 0.431955
0.00368961 0.068232 0.0179721 -0.66354 -0.676389 -0.00058321
0.058336 0.10412 -0.0324015 0.962268 -0.110672 -0.402228
-0.0644662 0.21086 0.0799258 -0.269428 0.713452 0.919802
-0.169065 0.166685 0.0551225 -1.04854 -0.301767 0.139265
0.0280525 0.0695871 -0.0303915 0.078669 -0.928088 -0.076031
0.0701476 0.0785971 0.0488922 0.360286 -0.85326 0.266751
-0.164566 0.220677 0.0619748 -0.516211 -0.712659 -0.0103449
0.0929007 0.088176 0.0453209 0.581809 -0.691482 0.436605
-0.100553 0.285996 0.00371435 0.706392 0.00363144 -0.515045
-0.106758 0.067117 -0.00181239 -0.0860908 -0.932562 -0.0164773
-0.0554145 0.0807225 -0.05861 0.066539 0.221148 -1.04116
-0.136648 0.224115 -0.021446 -0.544079 0.596657 -0.85524
-0.167387 0.15845 0.00352702 -1.01177 -0.254525 -0.337756
-0.0228888 0.255602 -3.27675e-05 -0.260756 1.14355 -0.393696
-0.104903 0.107418 0.0517993 -1.04082 0.409268 0.233333
-0.181498 0.282737 0.0304233 -1.01281 0.156258 -0.510801
-0.09965 0.292629 0.0212176 0.685446 0.0889464 0.606143
0.0376548 0.241129 -0.0164631 0.429077 0.903467 -0.655287
-0.148694 0.312247 0.000214662 -0.888177 0.921734 0.286032
-0.117947 0.315426 0.00924962 -0.818164 1.00556 0.192035
0.0244977 0.202186 0.0944146 -0.0241824 0.85061 0.854135
-0.0996486 0.176806 0.0895911 -0.0723348 0.350199 1.07407
-0.150613 0.353233 -0.103886 -0.708406 -0.210878 -0.712693
-0.0682609 0.238364 0.0605509 -0.0234905 0.805363 0.883052
0.00247497 0.0758418 0.0715778 -0.209109 -0.655858 -0.576379
0.0230785 0.11122 0.102573 0.359871 -0.0166423 1.03543
-0.0463473 0.0991284 0.09438 -0.0358757 0.885193 0.712436
-0.13071 0.122851 0.0378137 -0.468088 -0.780791 0.301647
-0.0158767 0.189705 0.109029 -0.114139 0.742526 0.936515
-0.150423 0.304305 -0.0432954 -1.03878 0.743294 -0.177886
-0.124225 0.236954 -0.0196157 -0.424546 0.765375 -0.813706
0.0924438 0.164769 0.0224927 1.08798 0.205868 -0.0625174
-0.119167 0.254077 0.0815055 0.227279 0.70223 0.905601
0.0439789 0.158822 0.0994954 0.570898 0.104695 0.947685
-0.0920358 0.214383 0.0795374 -0.0360117 0.850797 0.848848
-0.156411 0.236178 -0.0113314 -0.567186 0.117157 -0.915266
-0.105631 0.245616 -0.0192771 -0.338312 1.00042 -0.632575
-0.18016 0.278422 0.0504187 -1.10016 -0.04459 0.272372
0.0111176 0.075788 -0.0248117 -0.476372 -0.763088 0.217346
-0.158296 0.147623 0.0488267 -0.958286 -0.402948 0.287337
-0.126152 0.118257 0.027567 -0.450209 -0.798925 0.259436
-0.109009 0.305848 0.0469177 0.69466 0.891844 0.150481
0.113918 0.104466 0.014953 0.983641 -0.251857 -0.326537
-0.175379 0.268986 0.00577056 -0.870446 0.552931 -0.654727
-0.118529 0.0966572 0.00962745 -0.499214 0.999047 0.211547
-0.150341 0.34797 -0.077974 -0.831999 0.964613 0.315845
-0.0489612 0.222212 0.0769776 -0.253031 0.749782 0.901614
-0.157079 0.351392 -0.0954154 -0.66528 -0.300185 -0.658601
-0.12771 0.161389 0.0862519 -0.511911 -0.264117 0.905602
0.0391638 0.253896 0.0181534 0.460968 1.16055 0.0108532
0.0617561 0.237129 0.0343867 0.707774 0.999792 0.0661026
0.0659718 0.141838 -0.0354831 0.782059 0.0635936 -0.729095
-0.126873 0.305133 0.0678586 0.0241545 1.2189 0.44498
-0.11696 0.201103 0.0852292 -0.215775 0.493024 1.03655
-0.0913141 0.30401 -0.011776 -0.344955 -0.177077 -0.850955
-0.0763673 0.300869 0.0010573 0.380751 -0.585176 -0.0761886
-0.144641 0.328014 -0.0868592 -1.07381 0.114995 -0.388964
0.00416152 0.0756468 -0.0482209 0.143351 -0.0674141 -1.0281
-0.125315 0.305449 -0.0556238 0.85515 0.128914 -0.142369
-0.129375 0.187046 0.0870102 -0.325438 0.383316 1.04776
0.0129143 0.105002 0.105074 0.234758 0.00358829 1.07487
-0.065501 0.327519 -0.00749104 0.275566 0.877907 0.754575
-0.188643 0.253238 0.0415819 -1.1805 0.17163 -0.0561983
-0.113076 0.114168 -0.000997129 -0.986482 0.114814 -0.48799
-0.0435405 0.07028 0.0866555 0.0772006 -0.784813 -0.417564
-0.181992 0.287949 0.0406032 -1.17006 0.358017 0.17774
-0.00610799 0.0768324 0.0123678 -0.658101 -0.681333 0.00287995
0.0212188 0.258575 0.0468591 0.0975721 1.22238 0.302314
-0.124984 0.325608 -0.0991422 0.865248 0.238818 0.00998095
-0.121309 0.309282 0.00328987 -0.314787 0.717581 -0.888819
-0.110207 0.299514 0.0573985 0.854821 0.408082 0.296008
-0.0658862 0.0889567 -0.0558134 -0.397736 0.851832 -0.610697
-0.127746 0.0668662 -0.0156464 -0.108997 -0.932938 -0.00933038
-0.142375 0.144784 -0.018518 -0.577029 -0.51854 -0.627679
0.113217 0.115504 0.00433751 0.833235 -0.105607 -0.653449
-0.136405 0.309256 0.0581427 -0.203983 1.22407 0.456314
-0.0700156 0.0959356 -0.039911 -0.42493 0.999849 -0.278607
-0.108308 0.123786 0.0590785 -0.346879 -0.750789 0.481218
-0.186965 0.247649 0.049785 -1.16003 0.226295 0.279311
-0.143452 0.0741677 0.00578005 -1.0332 0.498642 -0.162034
0.0144612 0.199223 -0.0447576 0.000646283 0.501207 -0.997971
-0.0244793 0.347112 -0.0526227 -0.457216 -0.111511 -0.82877
-0.0334097 0.255554 0.0111337 -0.248289 1.22576 -0.100789
0.0863648 0.121901 -0.00738248 0.0317352 0.760883 -0.774662
-0.178714 0.260134 0.00818751 -1.051 0.384439 -0.464753
-0.0586548 0.141412 0.0795691 0.173266 -0.0186995 1.03904
-0.0521048 0.0986604 0.092907 -0.279661 0.972839 0.521895
-0.0660984 0.320659 -0.0265499 -0.115584 -0.284351 -0.821228
0.0892861 0.169748 -0.00136732 0.99506 0.169123 -0.425128
0.0156659 0.173386 -0.0652813 0.305521 0.292536 -1.01491
-0.0604698 0.105118 0.0743258 0.235487 0.342296 0.999613
-0.120203 0.304628 0.066253 0.314198 0.960468 0.683643
-0.16116 0.159082 -0.0100771 -0.791161 -0.168043 -0.714412
-0.173451 0.230308 0.00583933 -0.887291 -0.120021 -0.600546
-0.0837618 0.0943996 0.0805023 -0.126906 0.361268 1.04327
0.0278899 0.0975558 -0.0524504 0.227942 -0.257056 -0.965812
0.0561958 0.0943249 0.0729571 0.762118 -0.162009 0.733235
0.0496493 0.107666 0.0854928 0.726846 -0.202086 0.752919
-0.175247 0.23791 0.093722 -0.906424 -0.0532683 0.710647
0.00614808 0.0774508 -0.00659897 -0.650393 -0.530971 -0.452443
-0.156779 0.255626 0.105601 -0.235815 0.0771076 1.08636
-0.0745649 0.147984 0.0834037 -0.0635691 0.090516 1.08169
-0.00339204 0.161329 0.114405 0.0781371 0.098952 1.10912
0.0446435 0.09704 0.0812999 0.508232 -0.474073 0.758733
0.0216373 0.150863 0.109971 0.261256 0.0324559 1.07359
-0.129068 0.0911947 0.0044476 -0.51399 0.945013 -0.346023
-0.123227 0.069764 0.0875145 -0.341496 -0.90257 0.170731
-0.168614 0.221503 0.0531688 -0.770524 -0.531057 0.320299
0.040659 0.237026 0.0678384 0.448663 0.671057 0.871051
-0.115987 0.164318 0.0887632 -0.218234 -0.182699 1.02103
-0.17215 0.21263 0.0403042 -1.06336 0.552743 0.340406
-0.176663 0.176436 0.0111808 -1.07949 0.0210842 -0.389771
-0.150046 0.292078 0.0842363 -0.124515 0.946899 0.839589
-0.0689184 0.353459 -0.0172761 -0.650517 1.15653 -0.146942
0.0732326 0.0769519 0.0376738 0.466185 -0.826279 0.210194
-0.101494 0.098339 -0.0162347 -0.364665 0.456987 -0.911842
0.0176209 0.211885 -0.0399978 0.157062 0.497751 -0.988068
-0.166109 0.221337 0.00340105 -0.850807 -0.343882 -0.456724
-0.16146 0.199526 -0.0145699 -0.928109 0.303076 -0.648231
-0.0510652 0.198803 0.0876111 -0.0906045 0.444085 1.05626
0.0026704 0.152769 0.113722 0.491179 -0.0840056 0.953541
0.0393485 0.243209 0.062388 0.499119 1.02597 0.481792
-0.172104 0.160576 0.0295863 -1.08623 -0.239779 -0.0343095
0.000718681 0.104081 -0.0614368 0.181158 -0.155542 -1.01014
-0.176813 0.286835 0.0682791 -1.09369 0.568116 0.351499
-0.125914 0.242925 -0.0177501 -0.132722 0.27946 -1.01706
0.0785653 0.121422 -0.0143089 0.933957 -0.125963 -0.469397
0.106638 0.13809 0.0490419 0.540642 0.787804 0.673151
0.0666636 0.226084 0.0528791 0.793461 0.75746 0.488087
-0.138424 0.0687466 0.0204964 -0.207655 -0.928009 0.0615545
-0.0575236 0.120771 -0.0516393 -0.951446 -0.120653 -0.429286
0.0249985 0.142204 -0.0621163 0.401136 0.176759 -0.988036
-0.161315 0.284087 -0.0037815 -0.943622 0.458783 -0.601676
-0.105188 0.093927 0.0819605 -0.119389 0.927361 0.634397
-0.103638 0.116827 0.0532895 -1.09343 0.0321444 0.167931
-0.176694 0.291356 0.0210791 -1.00905 0.170214 -0.519763
-0.163059 0.278719 -0.00264234 -1.0559 0.310491 -0.451894
-0.0334517 0.165724 0.114196 -0.108797 0.16085 1.11134
0.0609862 0.181263 0.0855721 0.670977 0.351033 0.859581
-0.171202 0.279703 0.00711103 -0.861197 0.63662 -0.622584
-0.119826 0.0693449 0.0858384 -0.108104 -0.930512 0.0736519
0.116164 0.105761 0.0251182 1.05073 -0.246978 0.0716138
-0.186003 0.246037 0.0790255 -1.1365 0.552094 0.132712
-0.12657 0.343561 -0.100239 0.702479 0.776128 0.254111
-0.141923 0.284523 -0.0166111 -0.58842 -0.220396 -0.755324
0.120618 0.132966 0.0318642 1.08495 0.393626 -0.0141585
-0.04815 0.106525 0.0833113 -0.855246 0.0681653 0.672484
-0.0805831 0.204345 0.0816256 0.253578 0.54725 0.959551
0.0652597 0.099911 0.0662672 0.721246 -0.333606 0.684123
-0.131395 0.235952 0.0998844 0.546965 -0.375419 0.507382
-0.00184154 0.155495 0.114918 0.21844 0.435744 1.04923
-0.163197 0.166194 0.0633114 -0.994368 0.216309 0.617065
0.11876 0.127189 0.0140187 1.02904 0.270959 -0.374217
-0.174485 0.200704 0.0117724 -1.12017 0.412534 -0.234807
-0.175714 0.245039 0.000189557 -1.07259 0.245935 -0.442083
-0.14367 0.222952 0.0906994 -0.111194 -0.719892 0.422349
0.014983 0.198786 0.0965094 -0.17981 0.867302 0.814243
-0.0564894 0.183857 0.0895055 -0.142046 0.155399 1.08543
-0.0217883 0.0783978 0.0743104 -0.0135295 -0.92032 0.124254
-0.168092 0.215135 0.00420849 -1.05235 0.486562 -0.375823
0.0106253 0.0860784 0.0914494 0.179934 0.229644 1.0665
-0.146938 0.232261 -0.015088 -0.394253 0.125567 -0.978131
-0.118362 0.260685 -0.0140872 0.196566 0.445539 -0.945027
-0.088355 0.312593 0.013024 0.703277 0.146071 0.600892
-0.166217 0.216335 0.0558563 -0.918901 -0.103586 0.631284
-0.0706956 0.0891554 0.0875137 -0.699838 0.71227 0.552172
0.0783076 0.19715 0.0582166 0.937279 0.460765 0.497164
0.0520755 0.0847029 -0.0117266 0.749372 -0.546184 -0.351962
0.0190412 0.0703047 0.0621214 -0.941141 -0.208923 0.0711792
-0.136436 0.351616 -0.0960208 0.581584 1.01117 0.126321
-0.140643 0.125981 0.0327414 -0.634539 -0.697446 0.312086
-0.137998 0.19293 0.082688 -0.315082 0.121249 1.06427
0.102791 0.125334 -0.00540984 0.138063 0.782894 -0.757986
0.024535 0.167181 -0.0618073 0.495018 0.20891 -0.943229
-0.106159 0.168414 0.0907615 0.0553974 -0.0572939 1.05147
-0.0606448 0.108044 0.0737293 0.223696 -0.0996891 1.00968
-0.107991 0.0989865 -0.0123803 -0.64791 0.221903 -0.845074
0.0971865 0.0943533 -0.000280949 0.673195 -0.596425 -0.437361
-0.139185 0.311434 0.00387455 0.0487514 1.23232 0.34541
-0.0733261 0.242554 0.0560789 0.32212 0.960381 0.629095
0.059318 0.225339 -0.0160213 0.620748 0.871642 -0.532829
-0.181747 0.28118 0.0424588 -1.16774 0.175845 0.17174
-0.0620492 0.160368 -0.0641034 -0.928152 0.337257 -0.531624
0.0388399 0.187053 -0.047829 0.408618 0.50399 -0.921222
0.0155713 0.0800762 -0.0480852 0.104147 -0.223641 -0.996721
-0.0478339 0.233567 0.0679183 -0.416853 0.85589 0.758236
0.0442555 0.0827298 -0.0220079 0.575214 -0.678989 -0.393313
0.0317259 0.0707324 0.00790978 0.126951 -0.873328 0.323634
-0.0339682 0.196238 -0.0497233 -0.245398 1.09349 -0.437318
-0.13985 0.289368 -0.0309295 -0.208954 -0.676044 -0.282335
0.0796907 0.213592 0.0253422 1.00012 0.599306 0.08881
0.0791965 0.0830061 0.0515905 0.539336 -0.609733 0.606913
0.108787 0.132022 0.0519595 0.537389 0.458604 0.894364
-0.110064 0.156735 0.0866511 -0.22376 -0.18442 1.01976
-0.0991449 0.286855 0.0174996 0.52703 -0.490639 0.0758759
0.102753 0.104286 0.0537994 0.706314 -0.403327 0.668651
-0.012341 0.156347 0.116758 -0.114607 0.271292 1.10485
0.0296491 0.201402 0.0946214 0.218101 0.379483 1.06042
-0.11196 0.310845 0.0241604 -0.00460536 1.30499 0.0361168
0.0498431 0.238389 0.058279 0.567753 0.977514 0.488934
-0.0725472 0.164276 -0.0442471 -0.439121 -0.176024 -0.910168
-0.112824 0.113869 0.027909 -0.400999 -0.843563 0.011182
0.0530094 0.171785 0.0923405 0.740581 0.219084 0.816915
-0.102099 0.316002 -0.00878175 -0.709524 0.420662 -0.796235
0.0500447 0.222465 0.0717577 0.310883 0.826758 0.824615
0.0510535 0.0956004 0.0768542 0.573363 0.118198 0.929311
-0.129043 0.285192 -0.0153026 0.468054 -0.219531 -0.638785
-0.135719 0.127291 -0.000409608 -0.717668 -0.647492 -0.247486
0.040172 0.0704593 0.0615234 0.615854 -0.730604 0.225502
0.109555 0.145884 0.0332262 0.737725 0.915944 0.144632
-0.00459934 0.111163 0.109123 0.0705222 0.0414436 1.10386
-0.127095 0.0819386 -0.0125404 -0.432511 0.68106 -0.752658
-0.0816747 0.197896 0.0841182 0.089427 0.456381 1.03486
-0.137296 0.349001 -0.0862626 0.111597 1.19782 0.380172
-0.0837971 0.0856987 0.0849922 0.168095 0.375389 1.00837
-0.0511688 0.158447 0.101951 -0.869442 -0.234721 0.521292
-0.151698 0.268471 -0.0137032 -0.686237 0.387807 -0.850379
-0.0738909 0.214194 -0.0404189 -0.0992077 0.470536 -1.00667
-0.0867126 0.190754 0.0855077 0.155385 0.208719 1.05559
-0.077094 0.183391 0.0863434 -0.405426 0.29377 1.02443
-0.0294899 0.369536 -0.0471474 0.76534 0.744373 0.430077
0.0986725 0.11396 -0.00913416 0.361112 -0.0174664 -0.965091
-0.116789 0.0673114 0.0265392 -0.206246 -0.927714 0.0703687
-0.0901958 0.166266 0.0862392 0.304655 -0.0427106 0.980902
-0.0965435 0.157567 0.086603 0.0625854 -0.0676191 1.04784
-0.0282237 0.214856 0.085133 -0.174215 0.396186 1.05766
-0.0660996 0.170575 0.0850789 -0.182001 -0.132611 1.03094
0.0781342 0.211726 0.0442924 0.978109 0.629537 0.168706
-0.00126731 0.260593 0.00916016 -0.122559 1.24926 -0.0793309
-0.123645 0.311975 0.0351545 -0.0162906 1.30612 0.0471108
-0.0389726 0.339204 -0.0407923 -0.373997 -0.186361 -0.822802
-0.0287402 0.356441 -0.054254 -0.639855 0.343638 -0.845692
-0.12522 0.322704 -0.0884754 0.868237 0.238956 -0.166127
0.0989747 0.142748 0.00990918 0.237055 0.991474 -0.500578
0.0404888 0.125168 -0.0546085 0.413302 0.0353114 -0.978154
-0.0980141 0.279228 0.0248945 0.879609 0.480419 0.0863427
0.114548 0.141184 0.0155038 0.900035 0.706193 -0.237034
-0.0963428 0.188577 0.0883238 0.303359 0.32504 0.994754
-0.17742 0.178149 0.0130774 -1.10835 0.214189 -0.350351
-0.155936 0.309538 0.0171227 -0.484704 1.23278 -0.181712
-0.187375 0.252519 0.0336741 -1.1728 0.246351 -0.136309
-0.131664 0.224485 0.0817745 0.485481 -0.482598 0.426978
0.0516548 0.124771 0.0890011 0.615063 0.142221 0.914996
0.0570163 0.105769 -0.0361007 0.83006 0.0682968 -0.669346
-0.0640114 0.0678355 0.0232961 0.478981 -0.758025 -0.128734
-0.177832 0.230102 0.0867531 -0.981494 -0.207791 0.489713
-0.112809 0.17776 0.0907055 -0.174271 0.208769 1.08833
-0.158735 0.306046 0.00639081 -0.626675 1.15485 -0.239709
-0.112295 0.192644 0.0877506 0.238968 0.382678 1.00454
-0.138998 0.234507 0.102856 0.201167 -0.283883 0.887432
-0.174882 0.171435 0.0270053 -1.14529 -0.0177726 0.177023
0.0354153 0.0717186 0.0146803 0.134786 -0.920977 -0.053731
-0.0895031 0.261775 0.0246646 0.749355 0.803356 0.0794886
-0.181233 0.250656 0.0865976 -0.999591 0.549169 0.577699
0.0222359 0.0844993 0.0893143 0.204418 0.0743083 1.07253
-0.104472 0.0700366 0.0886217 -0.0108488 -0.700904 0.71861
-0.0701691 0.191064 0.0867643 -0.237914 0.383259 1.05368
-0.109031 0.0855047 0.089776 -0.0153091 0.519395 0.985854
-0.129958 0.0769846 0.0281964 -0.760977 0.481612 0.690082
-0.0477548 0.135261 0.0907635 -0.838135 -0.206224 0.599377
0.0439672 0.121202 0.0941843 0.599166 0.118126 0.925897
-0.0467428 0.114124 0.0858236 -0.867775 0.0589539 0.654034
-0.148071 0.295297 -0.0405002 -0.982636 -0.237465 -0.180735
0.0196991 0.0913269 0.0922179 0.431717 -0.518901 0.768874
-0.110847 0.0735936 0.0933673 -0.488002 0.177177 1.01371
-0.0546605 0.0707196 0.102909 -0.0851858 -0.926317 0.173523
-0.0640064 0.0989151 0.082652 -0.596669 0.772671 0.594827
-0.15739 0.27891 0.0957564 -0.0680376 0.832539 0.923713
-0.139752 0.259289 0.100272 0.291059 0.727532 0.871731
-0.14272 0.266838 0.098176 0.356086 0.54212 0.920011
-0.0334104 0.191261 0.104309 -0.172557 1.037 0.61945
-0.0205541 0.0959785 0.0970364 -0.140446 -0.59011 0.814607
0.00874289 0.0895389 0.0939177 -0.0137584 -0.608739 0.809391
-0.145616 0.233955 0.104563 0.0391382 -0.339339 0.902811
-0.0762613 0.0846194 -0.0523341 -0.690089 0.60679 -0.64441
-0.0517457 0.219098 0.0782805 -0.255815 0.746668 0.902917
-0.0415755 0.336096 -0.0380175 -0.179163 -0.0705708 -0.941174
0.0144766 0.227641 -0.03829 0.391745 0.610876 -0.88138
-0.125504 0.183711 0.0884814 -0.321567 0.379981 1.04923
-0.185372 0.234201 0.0242862 -1.17723 0.152593 -0.073494
0.0667305 0.118852 0.0775995 0.586428 -0.27383 0.836358
-0.115321 0.129904 0.064918 -0.404176 -0.604473 0.679127
-0.0986706 0.0969135 0.0776224 -0.112872 0.930347 0.630059
-0.137181 0.343407 -0.109894 -0.917997 0.103444 -0.686733
-0.172111 0.272119 0.00380908 -0.862107 0.629036 -0.625886
-0.143755 0.251689 0.105934 -0.222792 0.0731708 1.08669
-0.0165017 0.0707493 0.0959995 0.0140971 -0.91707 0.248565
0.038928 0.239444 -0.01743 0.430351 0.901782 -0.656254
-0.00416008 0.224191 -0.0396014 0.289743 0.59012 -0.922617
-0.0507213 0.36031 -0.0185197 0.71149 0.110648 0.578726
-0.00348324 0.212733 -0.0441243 0.29042 0.578662 -0.92714
-0.077845 0.0678797 -0.0382414 -0.0860624 -0.931585 -0.00658758
0.00322445 0.107611 0.10753 0.218461 -0.000562927 1.07808
-0.166817 0.157079 0.00377529 -1.0112 -0.255895 -0.337507
-0.089207 0.0917851 -0.0224699 -0.352378 0.450433 -0.918078
-0.0708019 0.0768871 -0.0602723 -0.277415 0.191381 -1.03197
-0.0588553 0.0769241 -0.0268331 -0.0617733 -0.922835 -0.0485748
-0.0509391 0.171514 -0.0733802 -0.250245 0.402725 -1.02565
0.118338 0.134145 0.0181766 1.0413 0.417026 -0.242823
0.044133 0.0872177 0.0813167 0.566442 0.109815 0.933773
-0.0513646 0.244551 0.0493415 -0.346277 1.12273 0.425951
0.0912522 0.175025 0.0271622 1.08078 0.28797 0.117014
0.071884 0.104055 0.0625088 -0.0902291 0.250366 1.03837
-0.106767 0.303892 0.0405887 0.696901 0.889888 0.144152
-0.175392 0.224813 0.0660704 -0.71115 -0.57291 -0.210699
-0.00295653 0.160345 0.114308 0.0785726 0.0979678 1.10902
-0.138281 0.201641 0.0804213 -0.42607 0.569641 0.96459
-0.144095 0.300216 -0.0837331 0.110169 -0.63335 -0.336327
0.055041 0.187434 -0.0400335 0.549343 0.491083 -0.854565
0.0066148 0.0706234 0.00197063 -0.668456 -0.518895 -0.441591
-0.0749881 0.174095 -0.0470729 -0.441562 -0.166204 -0.912994
-0.00110461 0.185057 -0.0673741 0.159636 0.614205 -0.956191
-0.0594243 0.102843 -0.0392864 -0.990308 0.250961 -0.373227
-0.188163 0.248836 0.0403817 -1.18002 0.167227 -0.0573985
-0.179527 0.241078 0.0896685 -0.886131 0.331215 0.791513
0.0499812 0.171642 0.0952235 0.737553 0.218941 0.819798
0.000376563 0.0942207 -0.0563432 0.136991 -0.520165 -0.833432
-0.127848 0.337347 -0.08408 0.723606 0.836877 0.0755938
0.000684673 0.171746 -0.0702815 0.36484 0.365064 -0.981336
0.0688338 0.192428 0.0753718 0.631583 0.534683 0.827818
-0.136823 0.132553 0.0564258 -0.662993 -0.602919 0.483304
-0.00988911 0.160202 -0.074451 0.141414 0.100195 -1.06112
-0.145347 0.239391 -0.0162865 -0.392662 0.132697 -0.97933
0.05041 0.207971 0.0802046 0.49592 0.821129 0.732552
-0.148639 0.316464 -0.0570605 -1.03716 -0.0641611 -0.313275
-0.180529 0.29818 0.025683 -0.967477 0.367507 -0.587429
-0.00472283 0.105009 -0.06267 0.0937749 -0.279431 -0.98055
0.0870722 0.173361 0.0514525 0.971439 0.336847 0.48868
0.0232124 0.24403 -0.0210322 0.296032 1.06319 -0.525565
-0.144545 0.332933 -0.0906231 -1.07371 0.119914 -0.392727
0.0174447 0.0759095 0.0656637 -0.942738 -0.203318 0.0747214
-0.128196 0.33374 -0.0718973 0.697786 0.866689 0.111732
0.076504 0.0841405 0.0539474 0.290646 -0.605036 0.746174
-0.123145 0.241937 0.0847337 0.776093 -0.00886291 0.443161
-0.0352096 0.139122 0.10814 -0.619305 -0.0734866 0.891486
0.0232788 0.0993132 -0.0541427 0.223331 -0.255299 -0.967504
-0.169911 0.221854 0.072775 -0.521556 -0.711482 0.000455343
-0.0609609 0.0898035 0.0978053 -0.593624 0.763559 0.60998
-0.0266737 0.171139 -0.0760888 0.0566872 0.327676 -1.06024
-0.0622164 0.0675693 -0.0568604 0.0703396 -0.755122 -0.609678
-0.167129 0.284916 0.00560334 -0.857125 0.641833 -0.624092
-0.150882 0.316641 -0.0159667 -1.09858 0.547366 0.20456
-0.0563717 0.194225 -0.047978 -0.221649 0.426648 -1.00645
-0.155095 0.333024 -0.0578034 -0.85469 0.976157 0.253558
-0.0871969 0.257923 0.0274243 0.751662 0.799505 0.0822483
0.0217704 0.0727842 0.0891839 0.19783 -0.675955 0.72824
-0.148652 0.316193 -0.0108213 -0.410587 1.17491 0.42962
-0.0185181 0.341322 -0.0510026 -0.241374 -0.311291 -0.775179
-0.0225352 0.360511 -0.0570583 0.154315 1.06655 -0.742792
0.0206864 0.174739 -0.0635038 0.491169 0.216468 -0.944926
-0.14256 0.194486 0.0819786 -0.319644 0.122805 1.06356
-0.169133 0.2915 0.0102999 -0.956081 0.360827 -0.602812
0.00402831 0.0686097 -0.0369043 0.0560466 -0.929433 -0.071607
0.010867 0.127272 0.110815 0.34983 -0.139088 1.01312
-0.0439378 0.334874 -0.0371074 -0.181526 -0.0717929 -0.940264
-0.0781026 0.145478 -0.0355486 0.0140928 -0.107543 -0.998606
0.030103 0.0696951 0.0598038 0.0309525 -0.930285 0.0535769
0.0250295 0.232737 -0.0305293 0.380539 0.72818 -0.823088
-0.0736818 0.218051 -0.0387045 0.28558 0.630522 -0.875842
-0.0486585 0.185734 -0.0647589 -0.529462 0.993488 -0.405877
-0.148591 0.303841 -0.0536006 -0.920961 0.912277 -0.235953
-0.108636 0.176579 -0.0435244 -0.125301 0.152446 -1.04309
-0.036065 0.243175 0.0645315 -0.330977 1.12135 0.441141
0.128242 -0.668896 -0.732211 0.128242 -0.668896 -0.732211
