0.531196 0.25819 0.789214 0.991218 -0.629717 0.79001
0.488149 0.327824 0.632223 0.0541936 1.09827 1.09923
0.471682 0.581762 0.589178 -0.137717 0.433048 -0.189614
0.506284 0.450877 0.0998751 0.506689 0.453595 -0.900121
0.536688 0.434945 0.520752 1.41002 0.444097 1.00779
0.440216 0.494869 0.866292 -0.311732 0.259371 1.48201
0.487728 0.451274 0.53926 0.147314 0.7028 1.44527
0.525707 0.684345 0.825768 1.1072 -0.123343 0.728292
0.538172 0.661549 0.656497 1.35093 0.203864 1.01699
0.507611 0.749386 0.701567 0.50224 1.6265 0.221314
0.479754 0.268592 0.873652 -0.0488662 -0.452899 1.32088
0.453099 0.727945 0.81091 -0.475917 0.361813 0.864555
0.528977 0.388513 0.482204 1.31802 0.372 -0.131909
0.465985 0.576194 0.388613 0.0296147 1.47596 0.391595
0.509984 0.333075 0.616377 1.00593 1.17825 0.815688
0.445339 0.534751 0.0996504 0.457487 0.526677 -0.900243
0.538974 0.293473 0.644282 1.44381 0.718771 0.664109
0.511514 0.261952 0.86925 0.637202 -0.112662 1.78787
0.560662 0.551807 0.100033 0.567896 0.554555 -0.899938
0.50387 0.370506 0.571357 0.47032 1.09918 1.2554
0.496062 0.299594 0.5361 0.534286 -0.380513 -0.196016
0.474499 0.754583 0.737273 -0.399879 1.23191 0.824611
0.530279 0.664107 0.616047 1.39008 0.925347 0.177308
0.528441 0.606272 0.644966 1.36729 0.606382 1.18934
0.512921 0.586331 0.57702 0.493535 0.660443 -0.420042
0.466451 0.339335 0.583653 -0.103364 0.966924 1.11417
0.454783 0.516108 0.0998913 0.454389 0.514537 -0.900107
0.464524 0.634838 0.642218 -0.45464 0.576674 1.03178
0.569415 0.507779 0.782333 1.54526 0.714925 0.712887
0.465723 0.460189 0.621574 -0.256412 -0.231528 0.628569
0.482711 0.5838 0.765911 0.941474 1.46277 0.896077
0.507458 0.584823 0.524058 0.536251 1.5844 0.528525
0.462234 0.284453 0.649609 -0.526129 0.432563 0.614919
0.537563 0.392314 0.505818 1.48085 0.311057 0.183926
0.523519 0.75294 0.803767 0.704993 1.73336 0.72736
0.528236 0.552082 0.0998735 0.531443 0.552533 -0.900121
0.48381 0.455438 0.86537 0.285454 -0.503071 1.0701
0.557487 0.554292 0.769429 1.30692 1.21629 0.758744
0.547977 0.465493 0.821497 0.974164 -0.439007 0.805848
0.534187 0.692653 0.807605 1.17545 -0.0657182 0.690762
0.491866 0.585445 0.658391 0.20421 1.54272 0.628758
0.488541 0.592387 0.577923 0.470449 0.668123 -0.419041
0.434455 0.541308 0.493484 -0.438546 1.02902 0.490309
0.554039 0.557803 0.686453 1.24548 1.28023 0.68948
0.462143 0.328277 0.542922 -0.527545 0.186219 0.524517
0.557842 0.48492 0.483203 1.38751 -0.0732802 0.491537
0.516145 0.450603 0.851516 0.934626 -0.456537 0.89592
0.505694 0.585258 0.294795 0.645433 1.57544 0.293365
0.562607 0.545285 0.833701 1.48959 0.919899 0.852655
0.540916 0.651781 0.631621 1.53576 0.740042 0.581716
0.460133 0.353044 0.526018 -0.411209 0.14362 0.0822788
0.454201 0.470913 0.702423 -0.202163 -0.283521 0.706381
0.483647 0.45309 0.190949 0.31968 -0.533374 0.189044
0.464496 0.459618 0.838463 -0.157739 -0.242367 0.491993
0.52267 0.732125 0.676563 0.777868 1.56612 0.187353
0.516542 0.754117 0.827252 0.898661 1.6728 0.927293
0.51189 0.433535 0.467989 0.565361 0.292191 -0.520527
0.46228 0.294725 0.636566 -0.511095 0.475557 0.777424
0.465388 0.696346 0.846914 -0.437178 0.335475 0.612078
0.529561 0.308412 0.544938 1.38173 -0.0706691 0.184236
0.494341 0.254301 0.594974 0.56868 -0.538626 -0.0097907
0.508304 0.441963 0.466908 0.456429 0.368854 -0.529066
0.490166 0.658328 0.595286 0.400197 1.02397 -0.331113
0.431743 0.529985 0.838725 -0.521105 0.492869 0.537554
0.510142 0.602992 0.659039 1.0734 0.366711 1.45082
0.556835 0.556443 0.827388 1.3142 1.2092 0.809615
0.471569 0.45741 0.815244 0.227513 -0.51235 0.816679
0.510445 0.461324 0.0998997 0.510615 0.463583 -0.900098
0.55691 0.485397 0.743424 1.45423 0.0490011 0.67723
0.523749 0.554181 0.891229 0.661895 1.0415 1.75346
0.4722 0.596495 0.645905 0.0184094 0.276317 1.47751
0.536457 0.463476 0.38414 1.11009 -0.355547 0.39626
0.516157 0.667341 0.601559 1.17265 1.11052 -0.00886459
0.480073 0.454992 0.769442 0.159667 -0.492249 0.760884
0.462773 0.294201 0.59684 -0.533961 0.271549 0.519326
0.457699 0.728696 0.845952 -0.382277 0.640984 1.38144
0.536065 0.730543 0.777114 1.52101 0.903245 0.784525
0.487268 0.755262 0.746243 0.516968 1.75296 0.807234
0.496141 0.61216 0.661286 0.530064 0.559943 1.65935
0.524265 0.45712 0.604148 0.891484 -0.472938 0.6161
0.4793 0.386879 0.558652 -0.338013 0.662961 1.0644
0.460765 0.462584 0.183729 -0.264251 -0.22614 0.186962
0.447662 0.462471 0.862973 -0.494185 0.152836 0.993547
0.49523 0.451879 0.44982 0.467464 -0.547703 0.457918
0.500202 0.585518 0.775658 -0.0801934 1.3998 0.78466
0.565948 0.497835 0.808484 1.5262 0.219544 0.830387
0.535851 0.311185 0.82363 1.30173 0.948908 0.741553
0.528081 0.580818 0.280098 0.953924 1.48558 0.288263
0.486473 0.689191 0.860761 0.170293 0.0529186 1.56446
0.458297 0.459973 0.851419 0.15372 -0.489184 0.771842
0.464415 0.269523 0.844676 -0.486887 0.0269801 1.03493
0.533247 0.264195 0.62804 1.21104 -0.463088 0.520074
0.541221 0.300388 0.604447 1.42845 0.673957 0.87514
0.548508 0.5657 0.811823 1.3083 1.21571 0.797826
0.467675 0.694084 0.771967 -0.118837 -0.0949598 0.589175
0.514627 0.677355 0.719219 1.24905 0.176159 1.17685
0.464447 0.46018 0.866368 0.234348 -0.222221 1.56019
0.463222 0.701763 0.720596 -0.210614 0.140445 1.20108
0.474885 0.334461 0.603465 -0.233667 0.986926 0.872247
0.461545 0.284003 0.77842 -0.511845 0.0639407 0.714508
0.540091 0.281712 0.843266 1.52239 0.2901 1.0304
0.478798 0.752973 0.846982 -0.162974 1.39337 1.26891
0.523167 0.455688 0.695918 0.96215 -0.442728 0.683994
0.46252 0.293237 0.85119 -0.34206 0.794252 1.16999
0.498673 0.243611 0.828639 0.337971 -0.734022 0.692962
0.566857 0.502175 0.194058 1.47145 0.0759058 0.193341
0.486242 0.652399 0.681131 0.313823 -0.110073 1.30476
0.526104 0.284205 0.574305 1.12807 -0.414746 0.188162
0.513672 0.682347 0.776027 0.640224 -0.303905 0.669764
0.522285 0.431345 0.539209 1.06547 0.645942 1.35093
0.488021 0.584683 0.862999 0.298696 1.39024 1.42445
0.47333 0.579961 0.84523 0.290467 1.49557 0.487159
0.543547 0.569055 0.261663 1.21303 1.31188 0.262906
0.446183 0.55845 0.563307 -0.272629 1.2536 0.571978
0.554032 0.483112 0.864829 1.41892 0.175069 1.26115
0.452782 0.545835 0.877272 -0.135761 0.967825 1.56687
0.484883 0.695695 0.620458 0.0312843 1.40989 0.0873793
0.500646 0.566572 0.886116 0.630905 1.24637 1.60785
0.542314 0.331682 0.561611 1.48775 0.137493 0.300002
0.491662 0.249156 0.824308 0.315694 0.227091 -0.159841
0.529758 0.30954 0.667655 1.02007 1.15837 0.865322
0.497597 0.50956 0.913803 0.948673 0.523546 1.80618
0.517728 0.248255 0.674672 1.11166 -0.555557 0.708347
0.549631 0.506775 0.887101 1.37658 0.44264 1.4457
0.504714 0.676983 0.84195 0.680295 -0.252131 1.1674
0.471413 0.309185 0.712899 -0.327985 0.907783 0.764307
0.486794 0.327246 0.849143 -0.155766 1.05386 0.605943
0.471399 0.572252 0.874993 -0.123094 1.0505 1.52141
0.540388 0.69869 0.842024 1.34225 0.37468 1.34406
0.485394 0.660216 0.695237 0.787082 -0.201897 1.10236
0.471331 0.458513 0.439448 0.0414108 -0.444268 0.451903
0.524454 0.580059 0.655009 0.907346 1.50382 0.663254
0.510249 0.321935 0.838768 0.846453 1.26368 0.829874
0.439122 0.55137 0.846102 -0.374835 1.12932 0.787437
0.531023 0.577865 0.797512 1.0716 1.41808 0.75503
0.467428 0.304732 0.831522 -0.201308 1.04821 0.836803
0.538402 0.289968 0.778903 1.5347 0.373173 0.757289
0.473951 0.752313 0.729205 -0.315487 1.28401 0.422475
0.533645 0.74106 0.757827 1.50287 0.985547 0.729045
0.494165 0.754866 0.720602 0.320215 1.66706 0.349607
0.510271 0.32165 0.844545 0.814032 1.27112 0.923462
0.502273 0.67769 0.806398 0.617657 -0.31022 0.702854
0.437045 0.486867 0.338559 -0.253793 -0.236143 0.337815
0.450553 0.560828 0.723709 -0.257252 1.26714 0.735133
0.478945 0.729776 0.676514 -0.256779 1.36203 0.433692
0.531762 0.579112 0.841057 1.13422 1.37645 0.877086
0.461285 0.444235 0.508974 -0.515326 0.576492 0.678497
0.53376 0.263095 0.665067 1.47602 -0.0312785 0.824714
0.552457 0.559823 0.565714 1.24389 1.28225 0.568742
0.520805 0.252385 0.829736 1.02816 -0.576221 0.593085
0.532592 0.745713 0.773013 1.32233 1.34759 0.654469
0.484477 0.708066 0.870548 0.114385 0.269577 1.68955
0.476447 0.408167 0.473962 -0.164091 0.420028 -0.293872
0.46299 0.411231 0.528169 -0.141768 0.437737 1.32414
0.497287 0.243291 0.780264 0.0722313 -0.659202 0.849788
0.521427 0.711855 0.871807 0.784867 0.825269 1.82979
0.486445 0.291615 0.876883 0.556356 0.800264 1.73501
0.486381 0.241334 0.674711 -0.158549 -0.522837 0.68512
0.531523 0.3131 0.853458 0.773706 0.952506 1.58319
0.463558 0.26438 0.833486 -0.434832 -0.108946 1.06484
0.534269 0.692601 0.845734 1.06778 -0.10595 1.12446
0.536247 0.740826 0.817446 1.52127 0.791857 0.652755
0.473197 0.746009 0.771107 -0.40118 1.22333 0.858445
0.477534 0.311144 0.657056 0.261102 1.2847 0.583879
0.504242 0.740795 0.867744 0.632933 1.42378 1.58675
0.526844 0.263094 0.860697 1.27701 -0.243413 1.28578
0.45881 0.571872 0.707225 -0.364894 1.13803 0.675901
0.473748 0.631513 0.590172 -0.0338454 1.06773 -0.152838
0.516388 0.395415 0.551129 0.355299 0.448157 1.53666
0.53333 0.461713 0.865347 1.12075 -0.146114 1.39965
0.511288 0.489791 0.898185 0.810528 0.000739182 1.7175
0.541908 0.337035 0.562334 1.36315 0.760168 0.945113
0.51922 0.585337 0.580705 1.188 0.510723 -0.159006
0.461678 0.626692 0.633739 -0.528214 0.565947 0.761897
0.488393 0.365664 0.486769 0.276137 -0.175246 -0.327088
0.531928 0.609706 0.594874 1.43805 0.722173 0.187079
0.460076 0.265287 0.692819 -0.532471 0.385071 0.715221
0.472345 0.742854 0.803957 -0.141496 1.52576 0.702715
0.482034 0.258178 0.596347 -0.239379 -0.397814 0.374448
0.538078 0.447002 0.510894 1.52031 0.491275 0.693282
0.530274 0.458393 0.206114 1.00203 -0.423338 0.205584
0.535311 0.268717 0.701628 1.53376 0.243286 0.652032
0.470988 0.414459 0.480674 -0.421409 0.290883 0.0466734
0.465639 0.665983 0.659052 -0.492671 0.381612 0.6869
0.545358 0.468017 0.381253 0.383479 -0.518744 0.371314
0.538377 0.464397 0.526401 1.33297 -0.14247 0.508304
0.564161 0.537051 0.642815 1.54932 0.708637 0.646114
0.563008 0.54403 0.330434 1.53917 0.761063 0.330999
0.430973 0.531364 0.310541 -0.568723 0.507424 0.316419
0.433172 0.510192 0.159111 -0.551291 0.334619 0.15618
0.481926 0.583743 0.112798 0.074023 1.49677 0.113374
0.445785 0.545604 0.0995622 0.550682 0.439741 -0.88927
0.513941 0.397644 0.55061 0.352852 0.450386 1.53614
0.50957 0.565201 0.0998204 0.512539 0.565401 -0.900175
0.528989 0.313691 0.779063 1.29487 0.951414 0.696987
0.540997 0.464926 0.623694 1.33559 -0.141941 0.605597
0.474659 0.378288 0.555842 -0.342654 0.65437 1.06159
0.535655 0.298433 0.689365 1.44049 0.72373 0.709193
0.542758 0.733136 0.85401 1.52778 0.784167 0.689318
0.564577 0.497156 0.302104 1.46917 0.0708861 0.301387
0.470295 0.633901 0.594861 -0.426782 0.743899 0.166897
0.471683 0.310803 0.698259 -0.327715 0.909401 0.749667
0.444609 0.558632 0.418244 -0.274203 1.25378 0.426915
0.548842 0.474271 0.707397 1.44616 0.0378751 0.641203
0.543396 0.568405 0.655505 1.29283 1.2304 0.64482
0.487734 0.585988 0.390698 0.516527 1.58556 0.395166
0.541415 0.570672 0.443771 1.21089 1.3135 0.445014
0.523257 0.748764 0.850754 0.905377 1.66745 0.950795
0.554349 0.54374 0.0999647 0.561582 0.546489 -0.900005
0.456964 0.365032 0.537676 -0.532723 0.222973 0.519271
0.508874 0.279729 0.876861 0.634561 -0.0948843 1.79548
0.44471 0.55879 0.413925 -0.274102 1.25394 0.422596
0.535949 0.347162 0.527117 1.48139 0.152973 0.265507
0.461444 0.725296 0.714563 -0.327994 1.257 0.407833
0.540727 0.628223 0.621801 1.53818 0.57096 0.664364
0.531499 0.681278 0.628662 1.3913 0.942518 0.189922
0.473992 0.312815 0.839852 -0.168568 1.03943 0.596652
0.530392 0.308231 0.671705 1.02071 1.15706 0.869372
0.467158 0.695073 0.842067 -0.435408 0.334202 0.607232
0.470684 0.578213 0.466859 0.0343133 1.47798 0.469841
0.515196 0.684298 0.857178 0.690778 -0.244817 1.18263
0.564636 0.536702 0.331658 1.5408 0.753736 0.332223
0.476707 0.454547 0.845673 0.172131 -0.49461 0.766096
0.475109 0.251495 0.638614 -0.246303 -0.404496 0.416716
0.480779 0.549598 0.898865 -0.107764 0.971588 1.58846
0.550993 0.563614 0.862455 1.15345 1.36095 0.898483
0.464311 0.390006 0.501368 -0.428086 0.26643 0.067367
0.462109 0.266015 0.779002 -0.530438 0.385799 0.801404
0.474869 0.313111 0.720909 -0.324529 0.91171 0.772317
0.465265 0.297402 0.851572 -0.339314 0.798418 1.17037
0.446711 0.469117 0.851158 -0.175524 -0.232867 0.504688
0.496361 0.450845 0.594958 0.252305 -0.518915 0.596393
0.432955 0.543899 0.85808 -0.381003 1.12185 0.799415
0.531237 0.30528 0.734688 1.29712 0.943003 0.652611
0.524396 0.657259 0.603101 1.18088 1.10044 -0.00732336
0.503307 0.236862 0.657055 1.09724 -0.56695 0.690731
0.507397 0.585085 0.341571 0.647136 1.57527 0.340141
0.488971 0.713579 0.64094 0.0353726 1.42777 0.10786
0.475115 0.745527 0.852681 -0.166657 1.38592 1.27461
0.504926 0.450763 0.345268 0.47716 -0.548819 0.353367
0.493161 0.699077 0.86966 0.123069 0.260589 1.68866
0.462944 0.702842 0.846324 -0.439621 0.34197 0.611488
0.485663 0.410985 0.470361 0.433789 0.337877 -0.525613
0.565633 0.499265 0.840476 1.52588 0.220974 0.862379
0.432454 0.534679 0.575945 -0.567242 0.51074 0.581824
0.5352 0.446599 0.488638 1.32425 0.430087 -0.125475
0.440459 0.537466 0.0995692 0.452607 0.529391 -0.900324
0.482461 0.710232 0.870796 0.112369 0.271743 1.6898
0.525036 0.309065 0.681408 1.01535 1.1579 0.879075
0.536573 0.420017 0.521238 1.40991 0.429169 1.00828
0.459444 0.646725 0.62598 -0.530447 0.585981 0.754138
0.489258 0.243458 0.733337 0.0642018 -0.659036 0.802862
0.535968 0.387309 0.502407 1.47925 0.306052 0.180516
0.509846 0.681715 0.852689 0.685428 -0.2474 1.17814
0.524988 0.260725 0.861151 1.27516 -0.245781 1.28623
0.503445 0.630577 0.583043 0.413476 0.996215 -0.343355
0.466335 0.458803 0.288015 0.0364154 -0.443978 0.300471
0.457995 0.704985 0.71703 -0.215841 0.143667 1.19752
0.492962 0.585117 0.551782 0.521755 1.58469 0.55625
0.55933 0.525548 0.874898 1.38628 0.461412 1.4335
0.538662 0.302905 0.609359 1.42589 0.676474 0.880051
0.484131 0.678126 0.788051 -0.102381 -0.110918 0.605259
0.528222 0.272147 0.869054 1.27839 -0.234359 1.29414
0.54072 0.629465 0.623626 1.53817 0.572202 0.666189
0.539811 0.463789 0.645473 0.90703 -0.466269 0.657425
0.460275 0.464387 0.836381 -0.16196 -0.237598 0.489911
0.459396 0.296999 0.766394 -0.513994 0.0769371 0.702482
0.506478 0.376291 0.565969 0.876562 0.851984 1.36394
0.461793 0.263386 0.770282 -0.183136 -0.500785 0.780691
0.471022 0.52295 0.906843 -0.117521 0.944941 1.59644
0.529708 0.714015 0.868974 1.33157 0.390006 1.37101
0.486849 0.745967 0.702151 0.312899 1.65816 0.331155
0.442902 0.481111 0.492827 -0.247936 -0.241898 0.492083
0.504728 0.675487 0.83767 0.680309 -0.253628 1.16312
0.534489 0.564309 0.0998991 0.537696 0.564759 -0.900096
0.518258 0.325295 0.513383 0.556483 -0.354812 -0.218732
0.491987 0.449847 0.843251 0.187411 -0.499311 0.763674
0.495636 0.43647 0.54554 0.334546 0.489212 1.53107
0.535254 0.664175 0.625838 1.39506 0.925415 0.187098
0.509481 0.754207 0.786685 0.690954 1.73463 0.710278
0.494898 0.585446 0.46561 0.523691 1.58502 0.470078
0.538186 0.573846 0.286409 1.20767 1.31668 0.287652
0.536726 0.460146 0.85252 0.955206 -0.446994 0.896924
0.460045 0.459086 0.855312 0.155468 -0.490072 0.775735
0.491475 0.451918 0.124085 0.327508 -0.534546 0.12218
0.497723 0.237682 0.710116 0.0726667 -0.664811 0.77964
0.497953 0.449457 0.466897 0.446079 0.376349 -0.529077
0.540861 0.706639 0.834452 1.52589 0.757669 0.66976
0.474965 0.744822 0.853523 -0.166808 1.38522 1.27545
0.547549 0.468142 0.174481 1.12118 -0.35088 0.186601
0.524371 0.632802 0.651233 1.36321 0.632912 1.1956
0.471705 0.417592 0.534578 -0.133054 0.444099 1.33055
0.515232 0.739078 0.867407 0.643924 1.42206 1.58641
0.468427 0.587844 0.590564 -0.140972 0.43913 -0.188228
0.571056 0.521877 0.847435 1.5469 0.729023 0.77799
0.489322 0.578724 0.776886 0.948085 1.4577 0.907051
0.471862 0.45725 0.757065 0.227807 -0.51251 0.7585
0.508292 0.75339 0.76664 0.537993 1.75109 0.827631
0.459219 0.372273 0.53692 -0.110596 0.999862 1.06743
0.528233 0.338835 0.593957 1.41546 0.712404 0.864649
0.546906 0.525338 0.0999232 0.549876 0.525539 -0.900072
0.508274 0.678692 0.803521 0.634827 -0.30756 0.697259
0.493554 0.712238 0.635244 0.0399548 1.42643 0.102165
0.468855 0.576965 0.575884 0.0324847 1.47673 0.578866
0.54088 0.740895 0.845178 1.5259 0.791925 0.680486
0.537389 0.7385 0.86399 0.666081 1.42149 1.583
0.554338 0.54026 0.883978 1.38129 0.476124 1.44258
0.464409 0.302648 0.742568 -0.204327 1.04613 0.747849
0.496005 0.449635 0.765954 0.175599 -0.497607 0.757396
0.466244 0.733365 0.857648 -0.175528 1.37376 1.27958
0.513951 0.678464 0.8124 0.640503 -0.307788 0.706138
0.492716 0.76161 0.84945 0.874835 1.68029 0.949491
0.540268 0.50671 0.892279 0.991344 0.520695 1.78465
0.518291 0.583435 0.263995 0.658029 1.57362 0.262565
0.527838 0.707208 0.867568 1.3297 0.383199 1.3696
0.462968 0.574414 0.484098 0.0265978 1.47418 0.48708
0.518161 0.308191 0.862194 0.760344 0.947597 1.59193
0.461774 0.315464 0.603471 -0.53496 0.292812 0.525956
0.556467 0.497336 0.87057 1.42136 0.189292 1.26689
0.473786 0.431962 0.535681 -0.130973 0.458469 1.33165
0.489768 0.688368 0.612607 -0.0178252 1.12459 -0.130403
0.479982 0.454914 0.559084 0.235926 -0.514846 0.56052
0.511693 0.61782 0.579384 0.492307 0.691931 -0.417677
0.486936 0.574041 0.877901 0.297611 1.3796 1.43935
0.464211 0.583728 0.594719 -0.432866 0.693726 0.166755
0.548151 0.56403 0.544898 1.23959 1.28646 0.547925
0.502664 0.592106 0.660015 0.536587 0.539889 1.65807
0.460048 0.502303 0.893355 -0.2919 0.266804 1.50908
0.4657 0.639109 0.645629 -0.453465 0.580945 1.03519
0.537898 0.295295 0.654349 1.44273 0.720592 0.674176
0.538705 0.580548 0.605045 1.53616 0.523285 0.647608
0.536166 0.375259 0.507045 1.4816 0.18107 0.245436
0.486165 0.243621 0.716544 0.0611087 -0.658872 0.786069
0.538924 0.714386 0.773641 1.52387 0.887088 0.781052
0.543719 0.482262 0.877302 1.13114 -0.125565 1.41161
0.465551 0.309758 0.638825 -0.243001 0.962222 0.907608
0.440655 0.553838 0.849157 -0.373302 1.13179 0.790492
0.538067 0.297205 0.576813 1.39024 -0.0818763 0.21611
0.535391 0.45928 0.847411 0.953871 -0.44786 0.891815
0.486167 0.673238 0.830929 0.601551 -0.314672 0.727385
0.5335 0.743117 0.77039 1.50273 0.987604 0.741607
0.460425 0.449228 0.500124 -0.516186 0.581485 0.669646
0.50728 0.301631 0.869249 0.577192 0.810279 1.72738
0.466373 0.577368 0.594171 -0.143026 0.428654 -0.184621
0.505657 0.682043 0.603141 0.415688 1.04768 -0.323258
0.508574 0.586526 0.667881 0.891467 1.51028 0.676126
0.484716 0.584771 0.459473 0.0768139 1.4978 0.46005
0.544729 0.46722 0.603073 1.37439 -0.0909799 0.611407
0.566729 0.527717 0.10001 0.573962 0.530466 -0.89996
0.494377 0.586667 0.195823 0.52317 1.58624 0.200291
0.523922 0.370937 0.47759 0.577392 0.229592 -0.510925
0.536 0.261017 0.842066 1.28617 -0.245489 1.26715
0.567988 0.51943 0.797022 1.54383 0.726576 0.727577
0.487583 0.742693 0.868922 0.616274 1.42568 1.58793
0.464935 0.706201 0.853619 -0.37504 0.618489 1.38911
0.537449 0.319821 0.59093 1.35869 0.742954 0.973709
0.460272 0.60418 0.608232 -0.436805 0.714177 0.180268
0.530164 0.622942 0.642308 1.36901 0.623052 1.18668
0.541093 0.570775 0.6408 1.29052 1.23277 0.630115
0.545348 0.568521 0.848253 1.14781 1.36586 0.884281
0.504784 0.556363 0.893034 0.64293 1.04368 1.75526
0.558349 0.554012 0.802638 1.31571 1.20677 0.784864
0.523539 0.683998 0.841625 1.05705 -0.114553 1.12035
0.461376 0.286031 0.617193 -0.535358 0.263379 0.539678
0.48108 0.246268 0.708498 -0.16385 -0.517903 0.718906
0.458401 0.570253 0.627269 -0.249403 1.27657 0.638693
0.45286 0.563902 0.676567 -0.254945 1.27022 0.687991
0.537033 0.374991 0.510378 1.48247 0.180802 0.248769
0.452127 0.568431 0.255924 -0.266685 1.26358 0.264595
0.530543 0.310711 0.770413 1.29642 0.948433 0.688336
0.474688 0.406234 0.475408 -0.417709 0.282657 0.0414077
0.535299 0.576348 0.345755 1.20478 1.31918 0.346998
0.540428 0.573234 0.82621 1.14289 1.37057 0.862239
0.516574 0.686302 0.725893 1.251 0.185105 1.18352
0.545108 0.567216 0.479825 1.23655 1.28965 0.482853
0.5223 0.611283 0.580872 1.19108 0.536669 -0.158838
0.540077 0.68096 0.666487 1.53492 0.769221 0.616582
0.462398 0.585082 0.619575 -0.527494 0.524337 0.747734
0.541202 0.697978 0.811544 1.18247 -0.0603933 0.694701
0.528914 0.394572 0.53545 1.40225 0.403724 1.02249
0.522572 0.453171 0.843418 0.941052 -0.453969 0.887822
0.491394 0.68072 0.607006 -0.0161994 1.11694 -0.136004
0.491843 0.327276 0.847788 0.795604 1.27675 0.926705
0.474297 0.251356 0.661824 -0.170633 -0.512815 0.672233
0.52469 0.635847 0.654263 1.33745 0.178163 1.01475
0.434136 0.496756 0.707479 -0.56556 0.472817 0.713357
0.507907 0.683171 0.761509 0.634459 -0.30308 0.655247
0.473122 0.31164 0.849024 -0.331457 0.812656 1.16783
0.560482 0.489754 0.544112 1.39015 -0.0684464 0.552445
0.511985 0.309397 0.863187 0.754168 0.948802 1.59292
0.535957 0.27644 0.676703 1.47822 -0.0179339 0.83635
0.537677 0.699646 0.846971 1.33954 0.375637 1.34901
0.522397 0.558848 0.0998578 0.525605 0.559298 -0.900137
0.516065 0.560789 0.888725 0.65421 1.04811 1.75095
0.468152 0.317046 0.627991 -0.2404 0.969511 0.896773
0.531606 0.460586 0.418457 1.10524 -0.358437 0.430578
0.469945 0.262 0.851423 -0.0586751 -0.459491 1.29865
0.466426 0.305031 0.683706 -0.332972 0.903629 0.735114
0.524387 0.581838 0.35978 0.95023 1.4866 0.367945
0.537605 0.295152 0.762138 1.5339 0.378357 0.740524
0.500842 0.424525 0.54703 0.339753 0.477267 1.53256
0.459395 0.348509 0.534518 -0.530292 0.206451 0.516113
0.501499 0.58701 0.724302 -0.0788962 1.4013 0.733304
0.532178 0.457953 0.850579 0.950658 -0.449187 0.894983
0.456154 0.700896 0.689173 -0.502156 0.416525 0.717021
0.531695 0.577261 0.794135 1.07228 1.41748 0.751653
0.465598 0.604957 0.640291 -0.453566 0.546793 1.02985
0.475358 0.60603 0.581667 -0.134041 0.457316 -0.197124
0.511749 0.743592 0.690938 0.506379 1.62071 0.210685
0.474388 0.379122 0.48572 -0.396954 0.169698 0.0419803
0.556005 0.48139 0.429626 1.38567 -0.0768095 0.437959
0.443524 0.557549 0.845904 -0.370433 1.1355 0.787239
0.504758 0.277884 0.565334 0.579097 -0.515043 -0.039431
0.541349 0.464631 0.649046 1.33595 -0.142236 0.630948
0.460757 0.641135 0.616713 -0.43632 0.751133 0.18875
0.509052 0.449926 0.256184 0.481286 -0.549655 0.264283
0.533372 0.458318 0.846781 0.951852 -0.448822 0.891185
0.485443 0.752035 0.717732 0.311493 1.66423 0.346736
0.483304 0.648846 0.675975 0.310886 -0.113625 1.2996
0.528368 0.58512 0.588998 1.19714 0.510506 -0.150712
0.48054 0.398421 0.554355 -0.336773 0.674504 1.0601
0.468577 0.257925 0.789603 -0.176353 -0.506246 0.800011
0.512387 0.247094 0.741145 1.10632 -0.556718 0.77482
0.467603 0.458155 0.284826 0.0376831 -0.444626 0.297282
0.514538 0.276692 0.569874 1.1165 -0.422258 0.183731
0.447077 0.55743 0.718456 -0.260728 1.26375 0.72988
0.508779 0.381365 0.47528 0.56225 0.24002 -0.513235
0.571262 0.521203 0.848319 1.5471 0.728348 0.778873
0.529668 0.647439 0.657757 1.34242 0.189755 1.01824
0.466842 0.458208 0.541149 -0.255293 -0.233509 0.548144
0.441176 0.552557 0.620684 -0.277635 1.24771 0.629356
0.463366 0.410537 0.528478 -0.141393 0.437043 1.32445
0.472232 0.579352 0.207743 0.0643299 1.49238 0.208319
0.526529 0.650913 0.669245 1.33929 0.193229 1.02973
0.474879 0.251479 0.706906 -0.170051 -0.512692 0.717314
0.498489 0.585347 0.699858 0.957252 1.46432 0.830023
0.553179 0.560383 0.816287 1.31054 1.21314 0.798513
0.47395 0.45336 0.476744 -0.166589 0.465221 -0.291091
0.486461 0.585595 0.388477 0.0785586 1.49862 0.389054
0.464353 0.266141 0.839416 -0.434036 -0.107185 1.07077
0.527684 0.368239 0.482945 1.47097 0.286982 0.161054
0.459732 0.450479 0.495155 -0.516879 0.582735 0.664678
0.433868 0.539814 0.425443 -0.439133 1.02752 0.422268
0.535108 0.308821 0.557613 1.38728 -0.0702601 0.196911
0.478504 0.616979 0.580098 0.388536 0.982616 -0.346301
0.460507 0.624583 0.623696 -0.529384 0.563839 0.751855
0.458517 0.734889 0.843582 -0.183255 1.37528 1.26551
0.532395 0.299046 0.561478 1.38456 -0.0800357 0.200776
0.511547 0.590484 0.577355 0.49216 0.664595 -0.419707
0.524333 0.455198 0.233087 0.996086 -0.426533 0.232557
0.489669 0.250214 0.823554 0.0646127 -0.652279 0.893079
0.453464 0.470375 0.206295 -0.271552 -0.218349 0.209528
0.471588 0.455656 0.852041 0.167011 -0.493502 0.772464
0.448861 0.552358 0.0991654 0.553758 0.446495 -0.889667
0.536677 0.437582 0.491794 1.47996 0.356325 0.169903
0.500835 0.271364 0.874549 0.626523 -0.103249 1.79317
0.461146 0.711337 0.840181 -0.441419 0.350465 0.605345
0.424753 0.531394 0.860666 -0.528095 0.494278 0.559495
0.52588 0.58224 0.177892 0.665619 1.57243 0.176462
0.435107 0.489431 0.75268 -0.549355 0.313858 0.749749
0.461945 0.700229 0.77495 -0.467071 0.334098 0.828595
0.522885 0.309691 0.691024 1.28877 0.947413 0.608947
0.512262 0.242882 0.639871 1.19005 -0.484401 0.531905
0.524806 0.579488 0.702694 0.907698 1.50324 0.71094
0.457299 0.402884 0.518267 -0.519313 0.53514 0.68779
0.433712 0.510665 0.691991 -0.565984 0.486726 0.697869
0.546388 0.468674 0.299214 0.384509 -0.518086 0.289275
0.477225 0.314232 0.835544 -0.165335 1.04085 0.592344
0.563133 0.543427 0.345702 1.5393 0.76046 0.346267
0.502104 0.451198 0.389282 0.474338 -0.548384 0.397381
0.549741 0.496377 0.0999259 0.552711 0.496577 -0.90007
0.462454 0.288679 0.858186 -0.342125 0.789694 1.17699
0.474573 0.590377 0.644844 0.0207818 0.270199 1.47645
0.530688 0.743178 0.747459 1.32043 1.34505 0.628915
0.473272 0.603546 0.583774 -0.136128 0.454832 -0.195017
0.470177 0.583496 0.590025 -0.139223 0.434782 -0.188767
0.507749 0.387303 0.474375 0.561219 0.245958 -0.51414
0.461307 0.463611 0.462965 0.0313873 -0.43917 0.475421
0.489413 0.659486 0.690713 0.791101 -0.202627 1.09783
0.480808 0.584384 0.645939 0.0270169 0.264206 1.47754
0.530167 0.692528 0.853377 1.06367 -0.106023 1.1321
0.486888 0.249494 0.851275 -0.0417314 -0.471997 1.2985
0.568458 0.5046 0.773361 1.46577 0.068204 0.707167
0.523932 0.253645 0.83203 1.03129 -0.574962 0.59538
0.509591 0.755442 0.84163 0.891711 1.67412 0.941671
0.520386 0.727374 0.870256 0.783825 0.840787 1.82824
0.543279 0.570833 0.831678 1.14574 1.36817 0.867707
0.462085 0.302572 0.625143 -0.51129 0.483404 0.766002
0.503129 0.675696 0.839129 0.678711 -0.253419 1.16458
0.564807 0.497758 0.649666 1.39447 -0.0604422 0.657999
0.514688 0.325917 0.635027 1.01063 1.17109 0.834337
0.469633 0.614529 0.651241 -0.449531 0.556365 1.0408
0.499054 0.720362 0.648654 0.493684 1.59748 0.1684
0.516038 0.530068 0.90416 0.967115 0.544054 1.79654
0.462176 0.302402 0.625987 -0.511199 0.483235 0.766845
0.438467 0.48335 0.846159 -0.50338 0.173714 0.976733
0.538436 0.431411 0.51275 1.52067 0.475684 0.695138
0.527165 0.473287 0.0999295 0.527336 0.475546 -0.900068
0.485626 0.576728 0.803392 0.944389 1.4557 0.933557
0.524112 0.318603 0.521354 1.37628 -0.0604785 0.160651
0.537602 0.692917 0.84026 1.07111 -0.105634 1.11898
0.528089 0.744564 0.737178 1.31783 1.34644 0.618633
0.495212 0.326713 0.64062 0.0612572 1.09716 1.10763
0.569984 0.513205 0.118707 1.54615 0.730239 0.119272
0.540175 0.726965 0.836643 1.5252 0.777995 0.671951
0.499086 0.750979 0.708738 0.325136 1.66318 0.337742
0.534609 0.358191 0.554608 1.35585 0.781324 0.937386
0.561453 0.551298 0.225549 1.53762 0.768331 0.226114
0.503812 0.703464 0.617867 0.759011 1.53746 0.128657
0.500481 0.674882 0.831185 0.615864 -0.313027 0.727641
0.471094 0.310901 0.687952 -0.328304 0.909499 0.739359
0.533718 0.691694 0.704284 1.26814 0.190497 1.16191
0.543093 0.465611 0.657027 0.381215 -0.52115 0.647087
0.49234 0.624868 0.66208 0.526264 0.572651 1.66014
0.531679 0.665236 0.675817 1.34444 0.207552 1.03631
0.472838 0.254448 0.84266 -0.0557817 -0.467043 1.28989
0.472916 0.456737 0.834064 0.168339 -0.492421 0.754486
0.473328 0.421315 0.535688 -0.131431 0.447822 1.33166
0.537824 0.282426 0.855137 1.52012 0.290814 1.04227
0.534939 0.292862 0.869813 1.51724 0.30125 1.05694
0.462566 0.279246 0.779235 -0.510823 0.0591839 0.715323
0.509545 0.383762 0.474979 0.563015 0.242417 -0.513536
0.526823 0.430128 0.478318 1.31587 0.413615 -0.135795
0.45658 0.459993 0.857753 0.152004 -0.489165 0.778175
0.458821 0.659715 0.627326 -0.53107 0.59897 0.755485
0.459958 0.642349 0.627876 -0.529933 0.581604 0.756034
0.553924 0.469098 0.810393 1.45124 0.0327017 0.744199
0.478064 0.454593 0.839941 0.173487 -0.494565 0.760364
0.519436 0.582058 0.664114 0.902329 1.50581 0.672359
0.463305 0.280173 0.764803 -0.510085 0.0601106 0.700891
0.485695 0.452693 0.813429 0.165289 -0.494548 0.804871
0.518431 0.454641 0.590455 0.88565 -0.475417 0.602407
0.568542 0.529498 0.855476 1.49553 0.904112 0.87443
0.560692 0.503117 0.865843 1.42558 0.195074 1.26216
0.476908 0.735764 0.692909 -0.31253 1.26746 0.386179
0.479394 0.702823 0.865444 0.109303 0.264335 1.68444
0.479613 0.458613 0.0998853 0.480018 0.461331 -0.900111
0.494113 0.585133 0.540838 0.522906 1.58471 0.545306
0.493834 0.46217 0.878071 0.263735 -0.220231 1.57189
0.508584 0.756348 0.837157 0.890704 1.67503 0.937198
0.496504 0.610892 0.579164 0.477118 0.685004 -0.417897
0.489792 0.445772 0.467592 0.437917 0.372663 -0.528382
0.529175 0.580507 0.257547 0.955018 1.48527 0.265713
0.567006 0.525701 0.383555 1.55217 0.697286 0.386855
0.51872 0.451691 0.849491 0.937201 -0.455448 0.893895
0.564529 0.536885 0.800491 1.54037 0.74403 0.731046
0.475661 0.580935 0.126227 0.0677581 1.49396 0.126804
0.485046 0.672927 0.832646 0.60043 -0.314983 0.729102
0.53038 0.333036 0.594923 1.41761 0.706605 0.865615
0.486501 0.325866 0.633923 0.052546 1.09631 1.10093
0.519372 0.583379 0.330719 0.65911 1.57357 0.329289
0.524101 0.747604 0.726043 1.31384 1.34948 0.607498
0.535569 0.260394 0.720488 0.995592 -0.627513 0.721284
0.460778 0.292402 0.629165 -0.512597 0.473234 0.770023
0.476762 0.581229 0.441291 0.0688599 1.49425 0.441868
0.471585 0.579108 0.137294 0.0636824 1.49213 0.13787
0.465785 0.262931 0.635122 -0.255628 -0.393061 0.413223
0.480543 0.603141 0.578885 0.46245 0.678876 -0.418079
0.458433 0.467972 0.0999022 0.458839 0.47069 -0.900094
0.435344 0.498574 0.125248 -0.549118 0.323001 0.122317
0.483583 0.635893 0.662955 0.517506 0.583676 1.66101
0.544308 0.467565 0.443187 0.382429 -0.519195 0.433247
0.525921 0.308548 0.710477 1.2918 0.94627 0.628401
0.505836 0.451637 0.456274 0.47807 -0.547945 0.464372
0.533904 0.697948 0.771684 1.17517 -0.0604233 0.654841
0.524041 0.689114 0.71699 1.25846 0.187917 1.17462
0.534796 0.305012 0.619122 1.42202 0.678581 0.889814
0.5169 0.319308 0.812057 0.853104 1.26106 0.803162
0.53879 0.445896 0.507325 1.52102 0.490169 0.689713
0.472036 0.617027 0.65372 0.0182446 0.296849 1.48532
0.497073 0.676877 0.845769 0.672654 -0.252238 1.17122
0.510245 0.680566 0.849195 0.685826 -0.248549 1.17464
0.531468 0.459914 0.600268 0.898686 -0.470144 0.61222
0.539278 0.266865 0.782452 1.53772 0.241435 0.732856
0.537474 0.429746 0.496108 1.48076 0.348489 0.174216
0.558337 0.510147 0.874601 1.38529 0.446012 1.4332
0.476472 0.31092 0.526263 0.264215 -0.22999 -0.287595
0.511573 0.741506 0.68713 0.506203 1.61862 0.206877
0.566216 0.500781 0.215042 1.47081 0.0745117 0.214326
0.521855 0.396795 0.473781 0.575325 0.25545 -0.514734
0.542878 0.28508 0.646162 1.44771 0.710377 0.665989
0.448705 0.554881 0.0988788 0.553602 0.449018 -0.889954
0.533577 0.301938 0.730554 1.29946 0.93966 0.648478
0.532101 0.459207 0.525809 0.89932 -0.470851 0.537761
0.462656 0.405202 0.528116 -0.142103 0.431708 1.32408
0.495836 0.587603 0.577427 0.477743 0.663339 -0.419537
0.4465 0.544883 0.872343 -0.147994 1.02313 1.51876
0.526302 0.306069 0.691135 1.01662 1.1549 0.888802
0.521214 0.441204 0.470813 1.31026 0.424692 -0.1433
0.564991 0.533219 0.594362 1.55015 0.704804 0.597661
0.457444 0.295059 0.802799 -0.515946 0.0749971 0.738887
0.48168 0.752937 0.851421 -0.160093 1.39333 1.27335
0.46515 0.575794 0.386952 0.0287792 1.47556 0.389934
0.557648 0.482534 0.253637 1.46224 0.0562645 0.252921
0.478083 0.568425 0.0997763 0.490231 0.56035 -0.900117
0.526594 0.587233 0.587181 1.19537 0.512619 -0.15253
0.435002 0.500329 0.861425 -0.506845 0.190693 0.991999
0.537977 0.308861 0.853147 1.52028 0.317249 1.04028
0.537071 0.630143 0.611936 1.44319 0.74261 0.204142
0.554068 0.558921 0.41289 1.24551 1.28135 0.415918
0.495268 0.450501 0.853356 0.296913 -0.508009 1.05809
0.568738 0.507623 0.810543 1.52898 0.229333 0.832446
0.496491 0.670422 0.708627 0.798179 -0.19169 1.11575
0.542294 0.464863 0.703153 0.968482 -0.439637 0.687504
0.504532 0.676785 0.841482 0.680113 -0.25233 1.16693
0.460758 0.275969 0.655433 -0.527604 0.42408 0.620743
0.518172 0.453022 0.712888 0.957155 -0.445394 0.700963
0.494935 0.675928 0.721439 0.796622 -0.186184 1.12856
0.477207 0.662224 0.694018 -0.196629 0.100906 1.1745
0.444027 0.480097 0.765883 -0.212337 -0.274337 0.769841
0.524606 0.666424 0.60998 1.18109 1.1096 -0.000443967
0.435035 0.488718 0.819584 -0.549427 0.313146 0.816653
0.564405 0.524071 0.867217 1.39136 0.459936 1.42582
0.476906 0.325472 0.625656 0.042951 1.09592 1.09267
0.460286 0.271832 0.63536 -0.536448 0.24918 0.557845
0.431715 0.5172 0.228516 -0.552747 0.341628 0.225585
0.562926 0.51675 0.868565 1.38988 0.452614 1.42717
0.507969 0.755484 0.73253 0.537669 1.75318 0.793521
0.466648 0.386706 0.4975 -0.425749 0.26313 0.0634998
0.467174 0.261816 0.843393 -0.431215 -0.111509 1.07475
0.530906 0.750853 0.802353 0.913026 1.66954 0.902394
0.509415 0.462918 0.0999031 0.509586 0.465177 -0.900094
0.543623 0.568366 0.669009 1.29305 1.23036 0.658324
0.488257 0.585871 0.413453 0.51705 1.58545 0.417921
0.568181 0.504237 0.791922 1.52843 0.225947 0.813825
0.438073 0.549429 0.841535 -0.375884 1.12738 0.782871
0.515713 0.424064 0.46955 0.569183 0.282719 -0.518966
0.503411 0.546404 0.898883 0.641557 1.03372 1.76111
0.449238 0.475202 0.351893 -0.241599 -0.247808 0.35115
0.546898 0.468792 0.279215 0.385019 -0.517969 0.269275
0.558153 0.486968 0.589356 1.38782 -0.0712321 0.597689
0.460201 0.720731 0.848573 -0.379774 0.633019 1.38406
0.505032 0.451045 0.380521 0.477266 -0.548536 0.388619
0.496665 0.682931 0.750355 0.623217 -0.303321 0.644093
0.538335 0.293819 0.666058 1.44317 0.719116 0.685885
0.490211 0.37907 0.571857 0.860295 0.854763 1.36983
0.565571 0.532859 0.193305 1.54174 0.749892 0.193869
0.486461 0.677633 0.850306 0.170282 0.041361 1.554
0.521813 0.373135 0.567662 1.40904 0.746704 0.838355
0.496468 0.437717 0.467836 0.444594 0.364608 -0.528138
0.461622 0.264776 0.764011 -0.530926 0.38456 0.786413
0.511286 0.59007 0.787784 1.05187 1.43029 0.745301
0.46754 0.257365 0.684308 -0.17739 -0.506806 0.694717
0.45682 0.495538 0.886825 -0.295128 0.260039 1.50255
0.469599 0.692023 0.71816 -0.204237 0.130704 1.19865
0.522354 0.3706 0.569388 1.40958 0.744169 0.84008
0.53205 0.658679 0.616287 1.39185 0.919919 0.177547
0.529662 0.313781 0.633647 1.4345 0.739078 0.653474
0.507766 0.698323 0.615028 1.16425 1.1415 0.00460445
0.462265 0.277207 0.726035 -0.530283 0.396991 0.748437
0.522669 0.58027 0.714323 0.905561 1.50403 0.722569
0.53478 0.308317 0.791342 1.30066 0.946039 0.709266
0.440851 0.541234 0.0995066 0.545748 0.435371 -0.889326
0.462426 0.275687 0.741305 -0.530121 0.395471 0.763706
0.522959 0.251963 0.670909 1.11689 -0.551849 0.704584
0.437117 0.54701 0.728888 -0.281695 1.24216 0.737559
0.465537 0.478649 0.0999311 0.465708 0.480908 -0.900066
0.553014 0.553842 0.0999828 0.560247 0.55659 -0.899987
0.460685 0.727347 0.747828 -0.413693 1.20467 0.835166
0.543436 0.300608 0.588732 1.48887 0.106419 0.327122
0.474568 0.633824 0.661569 0.0207772 0.313646 1.49317
0.539829 0.424203 0.506995 1.52206 0.468476 0.689383
0.461109 0.682536 0.672189 -0.497201 0.398164 0.700037
0.557574 0.55412 0.764907 1.307 1.21612 0.754222
0.543845 0.466455 0.235762 1.11748 -0.352568 0.247882
0.508817 0.591094 0.826699 -0.0715781 1.40538 0.835701
0.510149 0.497802 0.903383 0.809389 0.00875072 1.7227
0.509013 0.541681 0.900655 0.647159 1.029 1.76288
0.509432 0.684268 0.606617 1.16592 1.12744 -0.00380747
0.477144 0.445552 0.536872 0.136731 0.697079 1.44288
0.497808 0.325607 0.84492 0.801569 1.27508 0.923837
0.539246 0.401147 0.50852 1.48253 0.31989 0.186629
0.464613 0.303066 0.641978 -0.508762 0.483898 0.782837
0.472833 0.727935 0.869567 -0.367142 0.640223 1.40506
0.467833 0.324143 0.609922 -0.240719 0.976608 0.878705
0.4923 0.451385 0.328885 0.328333 -0.535079 0.326979
0.4594 0.278464 0.830993 -0.491903 0.0359203 1.02124
0.483012 0.282357 0.881471 0.608699 -0.0922566 1.80009
0.504283 0.585481 0.397477 0.533076 1.58506 0.401945
0.497144 0.587738 0.852955 0.314281 1.50335 0.494884
0.535442 0.61324 0.634176 1.37429 0.61335 1.17855
0.500141 0.319559 0.702134 0.283709 1.29311 0.628957
0.51812 0.372125 0.570332 0.48457 1.1008 1.25437
0.550222 0.475578 0.61601 1.37989 -0.0826221 0.624343
0.465349 0.693595 0.781541 -0.121163 -0.0954489 0.59875
0.495169 0.451183 0.625859 0.174763 -0.496058 0.617301
0.569952 0.513312 0.132822 1.54612 0.730346 0.133387
0.497187 0.679388 0.784524 0.612571 -0.308521 0.68098
0.454398 0.536242 0.0997485 0.466546 0.528167 -0.900145
0.488044 0.622004 0.662077 0.521967 0.569788 1.66014
0.466594 0.729757 0.86008 -0.373381 0.642045 1.39557
0.532188 0.700112 0.74822 1.17345 -0.058259 0.631376
0.461245 0.573649 0.675321 -0.362459 1.1398 0.643997
0.526669 0.45778 0.581638 0.893887 -0.472278 0.59359
0.540768 0.462156 0.855491 0.959248 -0.444984 0.899895
0.509937 0.581264 0.8706 0.640197 1.26107 1.59234
0.520015 0.582403 0.525148 0.945858 1.48716 0.533314
0.524026 0.752616 0.812446 0.906145 1.6713 0.912487
0.52496 0.618164 0.582584 1.19374 0.54355 -0.157127
0.49102 0.581752 0.750456 0.949783 1.46072 0.880622
0.535017 0.724452 0.866579 0.798456 0.837866 1.82456
0.563767 0.540585 0.869896 1.49075 0.915199 0.888851
0.518242 0.247459 0.646587 1.19603 -0.479824 0.538621
0.470597 0.577797 0.579896 0.0342266 1.47756 0.582878
0.520085 0.642114 0.587469 1.17657 1.08529 -0.0229555
0.522808 0.308003 0.860817 0.764991 0.947408 1.59055
0.453698 0.564563 0.709538 -0.370006 1.13072 0.678214
0.539167 0.596399 0.61554 1.53662 0.539136 0.658104
0.495729 0.73128 0.876574 0.759169 0.844694 1.83456
0.460485 0.49527 0.891199 -0.291463 0.259772 1.50692
0.505348 0.683503 0.860221 0.68093 -0.245612 1.18567
0.514092 0.31988 0.766478 0.850296 1.26163 0.757584
0.485391 0.256005 0.591856 -0.236021 -0.399987 0.369957
0.516076 0.742992 0.691651 0.771275 1.57699 0.20244
0.480347 0.295797 0.874901 0.550258 0.804445 1.73303
0.524143 0.682772 0.836955 1.05765 -0.11578 1.11568
0.472953 0.255197 0.827517 0.296986 0.233131 -0.156631
0.51452 0.450709 0.37149 0.486754 -0.548873 0.379588
0.519199 0.403812 0.548552 1.06238 0.618409 1.36028
0.456585 0.733047 0.823678 -0.157256 1.51596 0.722436
0.473461 0.456947 0.477207 -0.167077 0.468809 -0.290628
0.521995 0.317583 0.82203 0.858198 1.25933 0.813136
0.557691 0.554461 0.788392 1.31749 1.20447 0.774395
0.550167 0.562528 0.443034 1.2416 1.28496 0.446061
0.465821 0.459504 0.563958 -0.256314 -0.232213 0.570953
0.46012 0.571511 0.655944 -0.247685 1.27783 0.667368
0.552764 0.529827 0.885111 1.37972 0.465692 1.44371
0.518851 0.264094 0.86912 0.644539 -0.11052 1.78774
0.525091 0.27075 0.597082 1.12706 -0.428201 0.210939
0.52292 0.62835 0.653469 1.36176 0.628459 1.19784
0.499158 0.586129 0.259295 0.638897 1.57632 0.257865
0.480623 0.246802 0.719397 -0.164307 -0.517369 0.729805
0.528392 0.751729 0.78402 0.558092 1.74943 0.845011
0.494036 0.58517 0.532949 0.522829 1.58475 0.537417
0.566259 0.525424 0.621065 1.55142 0.69701 0.624365
0.539678 0.612028 0.624594 1.53713 0.554764 0.667157
0.508714 0.755016 0.795245 0.690188 1.73544 0.718838
0.485101 0.723883 0.658038 0.0315022 1.43808 0.124959
0.516785 0.751098 0.854042 0.898905 1.66978 0.954083
0.495355 0.470615 0.0999181 0.495525 0.472875 -0.900079
0.535702 0.460073 0.860685 0.954183 -0.447066 0.905089
0.497679 0.754894 0.747201 0.52738 1.75259 0.808192
0.566701 0.501202 0.576154 1.4713 0.0749325 0.575437
0.463809 0.307376 0.579673 -0.532925 0.284724 0.502159
0.51449 0.756287 0.71622 0.544191 1.75398 0.777211
0.51107 0.321103 0.848054 0.81483 1.27058 0.926971
0.542822 0.468208 0.40358 0.380943 -0.518553 0.393641
0.467013 0.459677 0.704174 -0.255122 -0.23204 0.711168
0.510995 0.715561 0.642237 0.766194 1.54956 0.153027
0.548807 0.469774 0.368185 1.37847 -0.088426 0.376519
0.45797 0.46806 0.783585 -0.198394 -0.286374 0.787543
0.531585 0.692719 0.851211 1.06509 -0.105832 1.12993
0.550268 0.475855 0.630073 1.37993 -0.0823446 0.638407
0.508638 0.240509 0.845236 1.01599 -0.588098 0.608585
0.448104 0.475822 0.164518 -0.276912 -0.212903 0.167751
0.5555 0.508026 0.878556 1.38245 0.44389 1.43716
0.47606 0.58149 0.68408 0.188404 1.53877 0.654447
0.499785 0.681167 0.72894 0.801472 -0.180945 1.13606
0.534461 0.303108 0.643598 1.4393 0.728405 0.663425
0.492545 0.755149 0.75854 0.674019 1.73557 0.682133
0.478788 0.315177 0.707002 0.262356 1.28873 0.633825
0.540491 0.624441 0.62224 1.53794 0.567178 0.664804
0.48221 0.452899 0.844271 0.177634 -0.496259 0.764694
0.533226 0.341265 0.521654 1.47866 0.147076 0.260044
0.562473 0.546849 0.801313 1.53831 0.753994 0.731867
0.519716 0.639884 0.585453 1.1762 1.08306 -0.0249705
0.475681 0.635715 0.591318 -0.0319122 1.07193 -0.151692
0.481567 0.617152 0.57992 0.462181 0.691264 -0.417141
0.483498 0.673478 0.825664 0.598882 -0.314432 0.72212
0.465354 0.666719 0.656764 -0.492956 0.382348 0.684612
0.47778 0.583606 0.852277 0.294918 1.49922 0.494206
0.520394 0.619581 0.579346 0.501007 0.693693 -0.417716
0.516989 0.452886 0.679574 0.955972 -0.44553 0.667649
0.539169 0.340045 0.564883 1.36041 0.763178 0.947662
0.502109 0.414007 0.470252 0.555579 0.272662 -0.518263
0.453965 0.471023 0.684395 -0.202399 -0.28341 0.688353
0.562099 0.487532 0.846315 1.52235 0.209242 0.868218
0.47243 0.400905 0.539894 -0.344882 0.676987 1.04564
0.535913 0.304857 0.615675 1.42314 0.678426 0.886367
0.496968 0.596507 0.578083 0.478875 0.672243 -0.418881
0.53929 0.596483 0.612776 1.53674 0.539219 0.655339
0.559652 0.487034 0.106064 1.46425 0.0607641 0.105347
0.543652 0.469592 0.862963 1.13107 -0.138235 1.39727
0.53361 0.743582 0.778066 1.50284 0.988068 0.749284
0.477067 0.455625 0.544017 0.233011 -0.514135 0.545453
0.525423 0.455696 0.37535 0.997176 -0.426035 0.374821
0.491067 0.318676 0.717224 0.274634 1.29223 0.644047
0.464316 0.297856 0.647519 -0.524047 0.445967 0.612829
0.511316 0.602882 0.578281 0.49193 0.676993 -0.418781
0.510712 0.751773 0.70589 0.505342 1.62889 0.225637
0.518732 0.247235 0.856117 1.2689 -0.259272 1.2812
0.465115 0.320351 0.611961 -0.243437 0.972815 0.880744
0.48464 0.320311 0.817902 -0.184096 1.06379 0.823182
0.534676 0.460689 0.562021 0.901894 -0.469369 0.573973
0.436007 0.48899 0.476668 -0.548455 0.313417 0.473737
0.482533 0.707325 0.869273 0.112441 0.268836 1.68827
0.472972 0.257935 0.827452 0.297005 0.23587 -0.156696
0.506555 0.445903 0.821605 0.945538 -0.452513 0.80968
0.539738 0.639564 0.620461 1.44586 0.752031 0.212666
0.539263 0.669673 0.636967 1.39907 0.930913 0.198227
0.473812 0.56583 0.881964 -0.120682 1.04408 1.52838
0.465477 0.60012 0.596278 -0.431601 0.710118 0.168315
0.459335 0.285438 0.839561 -0.491968 0.0428943 1.02981
0.512672 0.472042 0.887085 0.811912 -0.0170097 1.7064
0.501574 0.614649 0.579345 0.482187 0.68876 -0.417716
0.511043 0.245646 0.730297 1.10497 -0.558166 0.763972
0.527588 0.311771 0.663455 1.0179 1.1606 0.861122
0.462849 0.292598 0.666856 -0.525513 0.440708 0.632166
0.56587 0.525613 0.785711 1.54171 0.732758 0.716265
0.451429 0.562631 0.662991 -0.267383 1.25778 0.671663
0.461106 0.386303 0.509011 -0.431291 0.262727 0.0750102
0.474301 0.582712 0.740626 0.186645 1.53999 0.710993
0.459837 0.571729 0.098256 0.564734 0.465866 -0.890577
0.509059 0.448975 0.13444 0.345092 -0.537489 0.132534
0.546674 0.46771 0.390313 0.384796 -0.519051 0.380374
0.461805 0.624805 0.633827 -0.528086 0.56406 0.761986
0.474817 0.425047 0.475583 -0.165721 0.436908 -0.292252
0.447417 0.557296 0.864003 -0.147076 1.03554 1.51042
0.555089 0.46934 0.824591 1.45241 0.032944 0.758397
0.554855 0.558863 0.246972 1.24629 1.28129 0.249999
0.501519 0.729851 0.875151 0.764959 0.843265 1.83314
0.495051 0.244766 0.824607 0.334348 -0.732867 0.68893
0.562685 0.542801 0.79222 1.53853 0.749947 0.722774
0.529081 0.737319 0.866599 0.657773 1.4203 1.58561
0.537686 0.722357 0.752437 1.52263 0.895059 0.759848
0.546294 0.567999 0.84399 1.14875 1.36533 0.880018
0.492748 0.451682 0.136438 0.328781 -0.534782 0.134532
0.537254 0.299329 0.762029 1.53355 0.382534 0.740415
0.50578 0.589653 0.761264 -0.0746149 1.40394 0.770266
0.528345 0.26324 0.858224 1.27851 -0.243266 1.28331
0.433428 0.500809 0.836988 -0.519419 0.463693 0.535817
0.552473 0.545328 0.0999555 0.559706 0.548076 -0.900015
0.470444 0.7104 0.652445 0.0168454 1.42459 0.119366
0.492157 0.451785 0.856357 0.293802 -0.506724 1.06109
0.533246 0.591823 0.637565 1.37209 0.591933 1.18194
0.541219 0.467692 0.480944 0.37934 -0.519069 0.471005
0.479149 0.246901 0.828062 0.318447 -0.730732 0.692385
0.48775 0.454615 0.0998777 0.488155 0.457333 -0.900118
0.556804 0.525739 0.878661 1.38376 0.461603 1.43726
0.476566 0.538178 0.902257 -0.111977 0.960168 1.59185
0.508325 0.745319 0.862715 0.637016 1.4283 1.58172
0.46102 0.269154 0.632218 -0.260393 -0.386838 0.41032
0.490961 0.443359 0.542672 0.150548 0.694886 1.44868
0.51721 0.250009 0.830346 1.02456 -0.578597 0.593696
0.487287 0.57706 0.795299 0.94605 1.45603 0.925464
0.538745 0.396936 0.508114 1.48203 0.315679 0.186223
0.531993 0.59666 0.591419 1.43811 0.709128 0.183624
0.542448 0.335359 0.559365 1.48788 0.14117 0.297755
0.489536 0.673742 0.829867 0.60492 -0.314167 0.726323
0.477998 0.671866 0.841288 0.161819 0.0355936 1.54498
0.502514 0.326863 0.511104 0.540738 -0.353244 -0.221011
0.461232 0.642329 0.616025 -0.435845 0.752326 0.188061
0.508942 0.238432 0.853799 0.34824 -0.739201 0.718122
0.535666 0.479414 0.882915 1.12309 -0.128413 1.41722
0.438334 0.485356 0.609137 -0.252503 -0.237654 0.608394
0.506964 0.68988 0.608037 1.16345 1.13306 -0.00238704
0.463045 0.598615 0.630991 -0.526846 0.537871 0.759149
0.472823 0.298545 0.868849 -0.331757 0.79956 1.18765
0.471905 0.675043 0.616987 -0.0356883 1.11126 -0.126023
0.537271 0.453473 0.513669 1.5195 0.497746 0.696058
0.520614 0.714955 0.871664 0.784053 0.828368 1.82965
0.564759 0.497249 0.475752 1.46935 0.0709799 0.475035
0.462919 0.293082 0.666937 -0.525444 0.441192 0.632246
0.533042 0.306491 0.6358 1.43788 0.731788 0.655627
0.497215 0.586108 0.302697 0.526008 1.58568 0.307165
0.538334 0.304351 0.831126 1.53463 0.387556 0.809512
0.453234 0.724574 0.790251 -0.475781 0.358442 0.843896
0.561856 0.545633 0.863583 1.48884 0.920247 0.882537
0.531348 0.457408 0.847266 0.949828 -0.449732 0.89167
0.556634 0.474345 0.852337 1.42153 0.166302 1.24866
0.473903 0.745618 0.8507 -0.167869 1.38601 1.27263
0.482876 0.453138 0.232579 0.318909 -0.533326 0.230673
0.479923 0.691231 0.621013 -0.0276704 1.12745 -0.121997
0.455036 0.571697 0.143279 0.018666 1.47146 0.146261
0.503129 0.254367 0.867304 0.628816 -0.120246 1.78593
0.481629 0.744496 0.700982 0.307679 1.65669 0.329987
0.469858 0.582614 0.853786 0.286995 1.49823 0.495715
0.543127 0.489829 0.0999049 0.546097 0.49003 -0.900091
0.524503 0.68388 0.710516 1.25893 0.182683 1.16815
0.458274 0.561645 0.0991696 0.56317 0.455782 -0.889663
0.447806 0.559119 0.644174 -0.271006 1.25427 0.652845
0.442583 0.546177 0.867783 -0.151911 1.02443 1.5142
0.443238 0.55819 0.856201 -0.37072 1.13615 0.797536
0.460754 0.704355 0.749839 -0.125758 -0.0846894 0.567048
0.535417 0.470936 0.0999256 0.535587 0.473196 -0.900072
0.54006 0.318949 0.562916 1.4855 0.12476 0.301307
0.549915 0.514329 0.09993 0.552885 0.514529 -0.900066
0.516694 0.302086 0.868031 0.758877 0.941491 1.59776
0.51307 0.452182 0.563873 0.880289 -0.477876 0.575824
0.450278 0.561439 0.663141 -0.268534 1.25659 0.671812
0.434572 0.501043 0.799061 -0.565124 0.477104 0.804939
0.48013 0.752329 0.720945 0.30618 1.66453 0.349949
0.539705 0.60458 0.613935 1.53716 0.547317 0.656499
0.487116 0.746065 0.702268 0.313166 1.65826 0.331273
0.47773 0.681868 0.792439 -0.108782 -0.107177 0.609647
0.543319 0.570983 0.775484 1.30311 1.22099 0.761487
0.498604 0.725859 0.876425 0.762043 0.839273 1.83441
0.551634 0.560567 0.743128 1.31143 1.21058 0.729131
0.5687 0.528912 0.835312 1.54454 0.736058 0.765866
0.567749 0.504079 0.187371 1.47234 0.0778099 0.186655
0.464817 0.46154 0.434022 0.0348973 -0.441241 0.446477
0.544315 0.467904 0.409455 0.382436 -0.518857 0.399516
0.514096 0.549664 0.895328 0.652241 1.03698 1.75756
0.467382 0.6903 0.853186 0.151203 0.0540277 1.55688
0.536579 0.297528 0.572958 1.38875 -0.0815535 0.212256
0.469586 0.575877 0.869417 0.280261 1.38144 1.43087
0.538911 0.271556 0.77266 1.53736 0.246126 0.723064
0.446262 0.561129 0.84303 -0.377442 1.12728 0.811706
0.506728 0.238942 0.852746 0.346025 -0.738691 0.717068
0.484556 0.45279 0.267954 0.320589 -0.533674 0.266048
0.510276 0.320977 0.852634 0.814036 1.27045 0.931551
0.481951 0.429435 0.541969 -0.122808 0.455942 1.33794
0.548371 0.563312 0.0999753 0.555604 0.566061 -0.899995
0.567355 0.520192 0.7904 1.5432 0.727338 0.720954
0.56762 0.521645 0.411119 1.55278 0.693231 0.414418
0.52337 0.601679 0.582809 1.19215 0.527065 -0.156902
0.521271 0.625774 0.656011 1.36011 0.625884 1.20038
0.498903 0.293412 0.544255 0.573242 -0.499515 -0.0605097
0.441003 0.552141 0.357044 -0.431998 1.03985 0.353869
0.445768 0.555888 0.73267 -0.262036 1.2622 0.744094
0.539416 0.601922 0.617125 1.53687 0.544659 0.659688
0.476922 0.581769 0.684711 0.189266 1.53904 0.655078
0.513832 0.722168 0.654979 0.769031 1.55616 0.165769
0.519217 0.6357 0.666232 1.25364 0.134503 1.12386
0.478872 0.701647 0.864578 0.10878 0.263158 1.68358
0.453531 0.567712 0.86192 -0.140962 1.04596 1.50834
0.489652 0.742363 0.691976 0.315701 1.65456 0.32098
0.532679 0.690879 0.843843 1.06619 -0.107673 1.12256
0.558818 0.553949 0.820297 1.31618 1.2067 0.802523
0.432449 0.501166 0.844998 -0.509398 0.191531 0.975572
0.53738 0.43686 0.494038 1.48066 0.355603 0.172147
0.538767 0.303611 0.848267 1.53507 0.386816 0.826652
0.468568 0.383523 0.543142 -0.348744 0.659605 1.04889
0.479392 0.444861 0.537909 0.138979 0.696388 1.44392
0.465177 0.303621 0.64759 -0.523185 0.451731 0.6129
0.460691 0.669844 0.62423 -0.436386 0.779841 0.196267
0.497854 0.584985 0.845551 0.314992 1.5006 0.48748
0.537291 0.575077 0.837897 1.13975 1.37241 0.873926
0.539201 0.572684 0.796466 0.922093 1.49644 0.804712
0.472841 0.310892 0.645932 0.0388857 1.08134 1.11294
0.496986 0.759893 0.829969 0.67846 1.74032 0.753562
0.500892 0.586198 0.758618 -0.0795035 1.40048 0.76762
0.566221 0.499505 0.817715 1.52647 0.221214 0.839618
0.519872 0.254777 0.863092 1.27004 -0.25173 1.28818
0.46164 0.402777 0.503222 -0.430757 0.279201 0.0692216
0.521617 0.544342 0.897131 0.659763 1.03166 1.75936
0.49047 0.569039 0.885629 0.620729 1.24884 1.60736
0.505399 0.589388 0.760684 -0.0749961 1.40367 0.769686
0.566617 0.519305 0.863394 1.39357 0.45517 1.422
0.478188 0.730461 0.680421 -0.31125 1.26216 0.37369
0.519791 0.315178 0.522862 0.558015 -0.364929 -0.209254
0.548957 0.565606 0.828204 1.30632 1.21836 0.81043
0.556856 0.527254 0.0999541 0.560063 0.527704 -0.900041
0.473914 0.680814 0.80923 -0.112598 -0.10823 0.626438
0.519727 0.752503 0.789159 0.701201 1.73293 0.712752
0.439822 0.480252 0.840969 -0.182414 -0.221732 0.494499
0.465346 0.3033 0.769415 -0.203391 1.04678 0.774695
0.474773 0.580523 0.151731 0.0668704 1.49355 0.152308
0.461962 0.704719 0.848712 -0.378013 0.617007 1.3842
0.467905 0.334847 0.519345 -0.403437 0.125424 0.0756056
0.531054 0.749516 0.78207 1.3208 1.35139 0.663525
0.455195 0.379895 0.523581 -0.11462 1.00748 1.05409
0.539779 0.709207 0.71051 1.53463 0.797468 0.660605
0.520576 0.306189 0.863147 0.762758 0.945594 1.59288
0.537139 0.723906 0.788958 1.52209 0.896608 0.796369
0.510079 0.449153 0.164225 0.482314 -0.550429 0.172323
0.467456 0.458851 0.865505 0.2691 -0.499658 1.07024
0.530551 0.397216 0.484031 1.47383 0.315959 0.16214
0.57058 0.516735 0.845533 1.53083 0.238445 0.867436
0.468071 0.260392 0.828274 0.292103 0.238327 -0.155875
0.533374 0.263926 0.63066 1.21117 -0.463358 0.522693
0.465238 0.304236 0.64846 -0.523124 0.452346 0.61377
0.475917 0.45724 0.866158 0.277562 -0.50127 1.07089
0.495062 0.744626 0.865747 0.623754 1.42761 1.58475
0.519147 0.46168 0.0999019 0.519318 0.46394 -0.900095
0.501934 0.446392 0.466914 0.450059 0.373283 -0.52906
0.462674 0.291847 0.642982 -0.510701 0.472679 0.78384
0.445735 0.560959 0.848827 -0.368222 1.13891 0.790162
0.496393 0.618606 0.57974 0.477007 0.692717 -0.417322
0.456735 0.472201 0.875634 0.226636 -0.2102 1.56945
0.532128 0.258642 0.754317 0.99215 -0.629265 0.755113
0.540272 0.622611 0.624908 1.53772 0.565347 0.667472
0.541739 0.731797 0.861234 1.3436 0.407788 1.36327
0.484157 0.580489 0.783176 0.94292 1.45946 0.913341
0.518682 0.250128 0.631369 1.19647 -0.477155 0.523403
0.460567 0.573721 0.341805 0.0241968 1.47348 0.344787
0.518349 0.602083 0.578228 1.18712 0.527469 -0.161482
0.510869 0.584708 0.419656 0.650608 1.57489 0.418226
0.561599 0.550511 0.274566 1.53776 0.767545 0.275131
0.479128 0.313261 0.647867 0.0451727 1.08371 1.11488
0.477125 0.751911 0.845017 -0.136716 1.53482 0.743775
0.502081 0.449712 0.856263 0.303726 -0.508798 1.06099
0.527556 0.257937 0.634473 1.20535 -0.469346 0.526507
0.56793 0.518481 0.793382 1.54377 0.725627 0.723936
0.47937 0.582045 0.583108 -0.13003 0.433331 -0.195683
0.523306 0.253446 0.831381 1.03066 -0.57516 0.594731
0.534994 0.73608 0.790381 1.51994 0.908782 0.797792
0.471577 0.690547 0.774717 -0.114935 -0.0984975 0.591925
0.471169 0.353262 0.504246 -0.400173 0.143838 0.0605069
0.493008 0.59447 0.65648 0.0392169 0.274292 1.48808
0.500567 0.758206 0.850712 0.882687 1.67689 0.950753
0.53797 0.260776 0.837158 1.04532 -0.567831 0.600508
0.43338 0.515334 0.835348 -0.519467 0.478218 0.534177
0.482844 0.600847 0.578669 0.464751 0.676582 -0.418295
0.456078 0.461898 0.848963 -0.166158 -0.240087 0.502494
0.530985 0.458737 0.266635 1.00274 -0.422994 0.266106
0.455643 0.383716 0.523503 -0.149116 0.410223 1.31947
0.540886 0.570759 0.625278 1.29032 1.23276 0.614593
0.478073 0.629293 0.661737 0.0242815 0.309115 1.49334
0.475457 0.582554 0.861816 0.286132 1.38812 1.42327
0.512515 0.332527 0.612402 1.00846 1.1777 0.811712
0.537396 0.574165 0.714366 0.920288 1.49792 0.722611
0.461995 0.349395 0.524086 -0.409348 0.139971 0.0803463
0.455371 0.377833 0.524569 -0.534316 0.235775 0.506164
0.544362 0.470916 0.863687 1.13178 -0.136911 1.398
0.532927 0.747519 0.798555 1.51787 0.920221 0.805966
0.53847 0.271797 0.653314 1.48073 -0.0225766 0.812961
0.462057 0.574157 0.428212 0.0256862 1.47392 0.431194
0.462536 0.461233 0.293123 -0.26248 -0.227491 0.296356
0.491478 0.268738 0.874759 0.617165 -0.105876 1.79338
0.475349 0.450435 0.534842 0.134936 0.701962 1.44085
0.540307 0.684815 0.677898 1.53515 0.773076 0.627994
0.507613 0.606029 0.578587 0.488227 0.68014 -0.418475
0.370084 0.475693 0.797969 0.370084 0.475693 0.797969
