0.695205 0.591737 0.315617 1.54358 0.957804 0.698044
0.478685 0.49649 0.501109 0.50991 0.497263 1.50062
0.542523 0.327085 0.108612 0.699836 0.0344378 -0.83458
0.427366 0.541007 0.432163 0.319563 0.628978 1.42244
0.362122 0.346571 0.116877 -0.118862 -0.475438 -0.188011
0.429731 0.529567 0.486077 -0.153296 0.773964 -0.288746
0.861958 0.51931 0.384455 1.60764 0.722096 -0.25024
0.777299 0.554729 0.268253 0.56997 1.50002 0.520142
0.230781 0.548648 0.194214 -0.61904 0.440353 -0.321613
0.455393 0.500697 0.447444 -0.423998 0.077241 0.229831
0.456748 0.756531 0.203322 0.319041 1.747 0.206934
0.199721 0.514228 0.193852 -0.113994 0.700511 -0.737213
0.468786 0.478677 0.44821 0.208861 -0.472477 0.614778
0.889105 0.504237 0.398413 1.39546 0.604938 -0.458013
0.129933 0.523109 0.337118 0.428323 1.32194 -0.185214
0.18358 0.529668 0.222957 0.484144 1.42719 0.545612
0.767653 0.476716 0.301037 0.0190463 0.311125 0.94304
0.846745 0.477144 0.37281 1.28708 -0.401863 0.189907
0.725465 0.431024 0.233309 1.68162 0.19839 0.411237
0.474816 0.476927 0.448129 0.198352 -0.395724 0.045577
0.512319 0.482342 0.438762 0.910905 0.259859 1.3285
0.320691 0.588124 0.415435 -0.308208 0.913173 1.12171
0.350635 0.63696 0.408591 -0.0487334 1.01742 1.24271
0.113441 0.507018 0.268283 -0.637553 0.858008 -0.291015
0.292944 0.552043 0.405436 -0.632412 0.605035 0.780813
0.451575 0.480812 0.46526 -0.164119 0.345413 -0.311005
0.176943 0.527583 0.234886 0.513705 1.39108 0.61034
0.249883 0.527897 0.376611 0.256446 1.42133 0.825766
0.325647 0.383175 0.122125 -0.424635 -0.177429 -0.228303
0.209082 0.520952 0.38208 0.187888 0.948131 1.286
0.237031 0.41812 0.213395 -0.735991 0.230208 0.0795429
0.220989 0.516096 0.215204 0.615608 0.918935 1.04103
0.477751 0.523172 0.457851 0.438591 1.09284 -0.363092
0.68349 0.42419 0.350365 1.52649 0.108477 0.785877
0.65865 0.501132 0.101814 1.16919 0.659968 -0.743241
0.52992 0.470147 0.492386 1.20516 0.175881 1.16875
0.256277 0.610941 0.178891 -0.588569 0.965365 -0.221883
0.113912 0.471597 0.294076 -0.399071 -0.33622 0.00376625
0.725183 0.506253 0.175239 1.65504 0.544332 -0.190717
0.71689 0.557017 0.166565 1.61375 0.742197 -0.235128
0.242838 0.486584 0.300498 -0.664661 0.413663 0.714174
0.299111 0.521961 0.415614 -0.165128 0.669359 1.28897
0.780029 0.525398 0.318388 -0.0785129 0.480991 0.829205
0.242442 0.40268 0.194813 -0.73305 0.215969 0.0783938
0.639413 0.358397 0.136803 1.13524 -0.0377414 -0.636003
0.170055 0.47678 0.357529 0.238677 -0.327012 -0.23341
0.154311 0.501031 0.276629 1.01689 0.400969 0.772554
0.242421 0.51352 0.169469 -0.748868 0.450484 0.0538246
0.162314 0.495601 0.351582 0.371493 0.209807 -0.5836
0.471173 0.673604 0.103727 0.479011 1.12864 -0.786712
0.608437 0.363724 0.111085 0.92382 -0.0341131 -0.75046
0.254978 0.393287 0.18104 -0.512121 0.029397 -0.3473
0.520565 0.495058 0.437674 0.973858 0.276668 1.30187
0.579362 0.334263 0.121082 1.14059 -0.473907 -0.0574755
0.283137 0.509346 0.389343 -0.650401 0.597555 0.7368
0.798962 0.541189 0.321686 0.532035 1.41072 0.737212
0.290083 0.49774 0.411002 -0.644895 0.582822 0.755351
0.659167 0.430767 0.118427 1.42848 0.0760859 0.649805
0.773969 0.494905 0.310022 0.11972 0.495484 1.0663
0.143226 0.484954 0.296873 1.02122 0.103081 0.58549
0.42964 0.491516 0.495648 0.120193 0.502753 1.4465
0.46325 0.481077 0.452797 -0.453648 0.331028 0.822638
0.608158 0.359439 0.122179 1.21763 -0.284152 0.585135
0.308215 0.657085 0.32078 -0.411918 1.1764 0.78091
0.505195 0.511367 0.442427 0.727242 0.756427 1.38616
0.410913 0.667701 0.414365 0.287525 1.04992 1.33016
0.722793 0.442755 0.263007 1.67924 0.21081 0.440228
0.767707 0.527411 0.300379 -0.0316532 0.937264 0.739748
0.501322 0.513649 0.444276 1.20773 1.21537 0.351728
0.657572 0.518465 0.416276 1.12268 0.557455 1.30067
0.166339 0.475179 0.248032 0.502287 -0.332616 0.732394
0.536723 0.347453 0.417842 0.598014 0.0883375 1.38174
0.633941 0.385477 0.116404 1.36605 -0.164379 -0.285675
0.718094 0.4456 0.281341 1.65828 0.261564 0.568019
0.449152 0.52315 0.499334 0.286617 0.578332 1.48449
0.656994 0.54787 0.414959 1.18916 0.643539 1.25618
0.548445 0.674097 0.110786 0.707405 1.05234 -0.801171
0.311454 0.700794 0.193709 -0.179788 1.34789 -0.389344
0.304774 0.557312 0.110119 0.0492995 0.704727 -0.845392
0.615037 0.630845 0.410191 1.1586 1.1442 1.07428
0.503493 0.309591 0.120007 0.567223 -0.504497 0.697241
0.27999 0.340298 0.194971 -0.452683 -0.209051 -0.206782
0.134951 0.482348 0.3186 0.76023 -0.291421 0.217076
0.239421 0.451637 0.177377 -0.611692 0.496789 -0.34566
0.323362 0.646026 0.138775 -0.114183 1.00379 -0.686186
0.161459 0.520742 0.379512 -0.0447109 0.88766 1.28663
0.305873 0.482546 0.418989 0.213762 0.431213 1.41341
0.507642 0.506347 0.448153 1.28617 0.899572 0.937308
0.451458 0.739927 0.167911 0.354943 1.49308 -0.48281
0.33801 0.6138 0.107975 -0.0606369 0.791676 -0.791715
0.522825 0.64269 0.102986 0.574684 0.716469 -0.892939
0.495891 0.523981 0.500519 0.529728 0.526136 1.49994
0.656692 0.481634 0.101859 0.987198 0.30517 -0.825301
0.707896 0.455289 0.153415 1.51903 0.30816 -0.412639
0.6863 0.484329 0.37772 1.56685 0.345993 0.831037
0.34366 0.364626 0.113644 0.0345712 0.0813155 -0.79421
0.501963 0.49653 0.456688 1.28873 0.296504 1.04062
0.107638 0.487958 0.277454 -0.815095 0.152302 0.0879814
0.456566 0.505515 0.451424 -0.445381 0.921984 0.337207
0.6665 0.487306 0.109372 1.32375 0.391204 -0.638152
0.669608 0.596159 0.366981 1.43392 1.07224 0.801924
0.613458 0.722842 0.223826 1.077 1.59735 0.0811576
0.754354 0.48447 0.192498 1.10864 0.323083 -0.728605
0.526428 0.678004 0.412619 0.590442 1.166 1.28311
0.634439 0.618016 0.124451 0.983991 0.946036 -0.753168
0.493484 0.320336 0.412342 0.535271 -0.105865 1.316
0.491219 0.54202 0.436452 0.371325 1.09636 1.26006
0.134189 0.502069 0.241377 -0.514873 0.697937 -0.49371
0.714789 0.469007 0.305554 1.66116 0.313289 0.58863
0.219922 0.492183 0.217279 0.629548 0.477192 1.12941
0.333641 0.390403 0.414324 0.111618 0.185484 1.36759
0.479706 0.688072 0.410281 0.446874 1.35569 1.15406
0.10207 0.481864 0.323526 -0.785178 0.0234553 0.272011
0.780143 0.477387 0.209257 1.39018 0.306682 -0.564511
0.267373 0.641749 0.2365 -0.590358 1.13272 0.388976
0.131233 0.480421 0.375316 -0.184918 -0.265804 0.961145
0.65134 0.339057 0.154526 1.25802 -0.226689 -0.403929
0.706801 0.537649 0.323342 1.60795 0.731991 0.710843
0.712447 0.498446 0.31422 1.64288 0.497316 0.680672
0.815286 0.518389 0.249471 1.78735 0.597099 0.0283663
0.139254 0.494944 0.309899 1.1019 0.282483 0.477765
0.1118 0.492712 0.368067 -0.495586 0.652557 1.14623
0.438612 0.314091 0.119584 0.202677 -0.485667 0.671601
0.347744 0.673913 0.138374 0.0957793 1.1133 -0.723861
0.726142 0.527811 0.180884 1.66132 0.581694 -0.169176
0.49019 0.473641 0.449806 0.425712 -0.49394 0.693999
0.24356 0.443631 0.281489 -0.696978 0.220301 0.537442
0.365735 0.689886 0.346213 -0.0548547 1.48763 0.778309
0.467959 0.30214 0.127555 0.42893 -0.296064 -0.672837
0.478163 0.444487 0.493919 0.355065 0.0566039 1.40737
0.651367 0.585775 0.117765 1.50982 1.01641 0.396349
0.545083 0.320826 0.408912 0.640942 -0.038974 1.337
0.473421 0.364407 0.100906 0.501055 0.265048 -0.893762
0.758621 0.446488 0.26871 0.582199 -0.397208 0.775713
0.647653 0.57198 0.108226 1.10181 0.694749 -0.774197
0.15139 0.498226 0.281256 1.0554 0.558037 0.704568
0.622148 0.380516 0.110397 1.02814 0.0325802 -0.734653
0.504195 0.437948 0.492553 1.20333 -0.138776 0.91517
0.6239 0.369537 0.403421 1.23422 -0.0850118 1.05219
0.291498 0.677094 0.235122 -0.5239 1.25043 0.315211
0.32442 0.709033 0.207097 -0.278324 1.49548 0.341987
0.72234 0.47947 0.171037 1.54269 0.406566 -0.396157
0.231011 0.455943 0.245709 -0.711232 0.239533 0.501332
0.525338 0.294002 0.134712 0.580904 -0.185908 -0.740844
0.815681 0.534197 0.2617 1.54566 1.21597 0.213599
0.188677 0.521339 0.20568 -0.267335 1.09179 -0.477432
0.538972 0.684023 0.114931 0.874884 1.60432 -0.0856075
0.675276 0.349443 0.289344 1.38201 -0.311021 0.542937
0.729655 0.487837 0.182471 1.07848 0.322432 -0.740005
0.109935 0.529516 0.33305 0.104774 1.52934 0.350956
0.507559 0.448611 0.485392 0.949374 -0.0921838 -0.230388
0.429763 0.744217 0.178456 0.272123 1.5259 -0.424963
0.427537 0.700248 0.378959 0.220355 1.60706 0.746077
0.217682 0.471017 0.197941 0.161982 -0.523331 0.107563
0.157852 0.527195 0.232277 -0.0549605 1.48242 0.0267131
0.245611 0.53174 0.302595 -0.616397 0.830014 0.712441
0.68522 0.333891 0.220774 1.53047 -0.150507 0.446414
0.631567 0.346885 0.361172 1.32644 -0.228221 0.792912
0.231643 0.5638 0.224975 -0.736708 0.766733 0.370284
0.125729 0.529396 0.344403 0.118521 1.52926 0.35934
0.509135 0.481792 0.464717 1.02501 0.291285 -0.370495
0.8388 0.512867 0.346265 1.75129 0.579584 -0.0573652
0.521648 0.700349 0.380608 0.689898 1.59387 0.796914
0.270484 0.583994 0.330346 -0.561931 0.964458 0.733252
0.837857 0.523312 0.354971 1.35147 1.37614 0.260776
0.229751 0.520523 0.248556 -0.764371 0.557448 0.350326
0.452765 0.494516 0.442448 0.00228078 0.614558 1.32713
0.634451 0.384414 0.404075 1.24169 -0.100123 1.03374
0.10251 0.518841 0.350158 -0.778681 0.593916 0.81692
0.506544 0.709348 0.133139 0.46579 1.2558 -0.703357
0.1089 0.529522 0.313673 -0.10521 1.49715 0.180025
0.228905 0.504602 0.243771 -0.768562 0.475945 0.308881
0.128518 0.474591 0.337951 0.768474 -0.285434 0.224739
0.133103 0.511138 0.336743 1.02862 0.372344 -0.0860958
0.445041 0.510297 0.438175 0.0406138 0.518495 1.35271
0.135472 0.483464 0.342935 1.13465 0.51735 0.320542
0.621893 0.30963 0.152861 1.17289 -0.401853 -0.283251
0.227784 0.5566 0.207367 -0.764865 0.626403 0.306237
0.452223 0.311117 0.115068 0.346134 -0.672695 -0.0293582
0.186562 0.481722 0.357425 0.320958 0.389661 -0.629217
0.551926 0.716471 0.331949 0.939643 1.54718 0.731455
0.651593 0.443213 0.41534 1.11391 0.220614 1.27366
0.82797 0.472864 0.364865 0.928317 -0.521682 0.336426
0.463144 0.557666 0.488826 0.370463 1.38637 1.04079
0.80847 0.483619 0.386419 0.249967 -0.139179 0.934322
0.236019 0.511596 0.357723 0.235593 0.666881 -0.630147
0.17935 0.472369 0.215592 -0.298448 -0.206042 -0.3425
0.222769 0.529798 0.196154 0.277186 1.5271 0.245523
0.490777 0.742741 0.284813 0.526736 1.69793 0.578606
0.209095 0.52466 0.1966 -0.19066 1.08771 -0.526704
0.472813 0.469125 0.462763 0.502173 -0.214296 -0.266671
0.148588 0.513371 0.379533 -0.13032 0.59698 1.3362
0.135271 0.512261 0.318398 0.985106 0.993223 0.533934
0.72194 0.407341 0.218112 1.70065 0.212251 0.281908
0.18473 0.503853 0.199932 -0.385425 0.300996 -0.596167
0.371868 0.273247 0.175005 0.0375948 -0.366407 -0.517168
0.728626 0.458646 0.274509 0.44873 -0.0256171 1.10345
0.778117 0.548753 0.28886 0.383521 1.29088 0.830651
0.135231 0.482093 0.33011 1.13441 0.515979 0.307717
0.27202 0.533145 0.358648 -0.636124 0.504952 0.776354
0.496144 0.453783 0.475889 0.467223 -0.187786 -0.290631
0.429572 0.253961 0.17736 0.109598 -0.666999 -0.0450088
0.814111 0.466857 0.350477 1.14856 -0.461925 0.510187
0.192869 0.495759 0.232083 0.705341 0.336295 1.07585
0.672565 0.441976 0.128342 1.20656 0.205624 -0.683439
0.108362 0.472432 0.340595 -0.448449 -0.289959 0.670324
0.267046 0.529497 0.36914 0.250868 1.34566 -0.208458
0.816703 0.464181 0.291225 1.67918 -0.0247465 0.16049
0.117987 0.470014 0.336132 -0.12029 -0.499681 0.282125
0.444213 0.505799 0.468064 -0.13156 0.716219 -0.322005
0.490117 0.52342 0.442708 0.670004 0.785308 1.39089
0.255021 0.52974 0.371021 0.207309 1.45676 -0.000940088
0.792087 0.507681 0.215045 1.57489 0.677946 -0.383479
0.329691 0.617686 0.118611 -0.412205 1.28223 0.207914
0.685928 0.644777 0.275819 1.5253 1.16668 0.42775
0.257969 0.388186 0.277745 -0.574708 -0.128407 0.477198
0.273279 0.432911 0.141475 -0.335913 0.307258 -0.64153
0.241195 0.598101 0.20117 -0.689892 0.954816 0.277526
0.122015 0.529214 0.300875 0.284965 1.51021 0.406233
0.438872 0.542808 0.484044 0.179018 1.16855 -0.251431
0.546231 0.569019 0.427434 0.653421 0.622499 1.42023
0.208484 0.519724 0.360252 0.172205 1.03555 -0.495673
0.158458 0.52925 0.362902 0.338863 1.46441 0.0580653
0.295319 0.545115 0.113883 -0.67856 0.725953 -0.023436
0.46125 0.445165 0.490495 0.262127 -0.347102 -0.0862746
0.330949 0.378618 0.410449 -0.285651 0.0821452 1.13977
0.330098 0.686996 0.302693 -0.210071 1.43171 0.694628
0.45806 0.704138 0.378752 0.40157 1.60421 0.810823
0.48652 0.523413 0.450635 0.608953 1.51387 0.387375
0.151773 0.46991 0.362101 0.398592 -0.0914538 -0.427805
0.268303 0.548238 0.141999 -0.330282 0.676788 -0.648679
0.229217 0.517438 0.358982 0.212968 0.729655 -0.618106
0.515761 0.691276 0.116974 0.541492 1.66647 -0.102896
0.31412 0.624361 0.134658 -0.106815 0.914212 -0.724877
0.626292 0.67633 0.331551 1.26697 1.31393 0.759341
0.52146 0.513901 0.437621 0.76914 0.763192 1.37384
0.473549 0.467443 0.443225 0.673842 0.239609 1.3961
0.331659 0.612452 0.410404 -0.0630273 0.979111 1.25289
0.141506 0.510051 0.300913 1.06236 0.703781 0.63929
0.237351 0.475807 0.382278 0.242259 -0.355836 0.937567
0.207872 0.5296 0.209233 0.271989 1.49401 0.46574
0.322405 0.627296 0.384934 -0.333178 1.33494 0.648455
0.425199 0.505949 0.492404 -0.560566 0.563173 0.33431
0.234441 0.481536 0.18565 0.316674 -0.200971 -0.540589
0.261605 0.526413 0.364888 0.271724 1.3582 -0.190113
0.189022 0.47433 0.229643 0.810739 0.139143 0.93754
0.621148 0.485485 0.422157 0.727634 0.512649 1.4161
0.76977 0.562881 0.236571 0.822662 1.5493 0.0810488
0.299404 0.562467 0.112398 -0.353227 0.659927 -0.638984
0.358745 0.719898 0.272644 -0.20313 1.52553 0.460404
0.568202 0.66917 0.408245 0.896101 1.2123 1.18122
0.799388 0.5415 0.240909 1.44675 1.05026 -0.326617
0.657009 0.422227 0.114209 1.43879 -0.0825174 -0.251916
0.500076 0.537364 0.471976 0.85701 1.13244 -0.24808
0.212301 0.491642 0.188058 -0.169539 0.418443 -0.733267
0.550598 0.663125 0.41572 0.676801 1.03574 1.33509
0.331567 0.617816 0.111921 -0.100194 1.05149 -0.678971
0.696939 0.564354 0.14871 1.29092 0.811178 -0.616966
0.784125 0.452361 0.286403 0.617237 -0.355839 0.85117
0.132274 0.523041 0.307695 0.735934 1.2696 0.587426
0.374748 0.318335 0.134123 0.157109 -0.244121 -0.663547
0.143707 0.528403 0.25295 -0.118018 1.47313 0.0554679
0.766415 0.553735 0.270115 0.85212 1.4812 0.634082
0.468948 0.523387 0.455293 0.478675 1.51379 0.593188
0.134853 0.469162 0.279535 0.78969 -0.246007 0.523915
0.307784 0.400495 0.391069 -0.482916 -0.037445 0.818855
0.454982 0.489918 0.460622 -0.177729 0.312166 -0.29309
0.748594 0.52519 0.188895 0.923934 0.935943 -0.705833
0.130301 0.469244 0.291965 -0.0121713 -0.52045 0.277569
0.143812 0.487075 0.380079 -0.196275 0.515477 1.32004
0.531237 0.264969 0.164005 0.533534 -0.605733 -0.3278
0.174872 0.473693 0.378645 0.163743 -0.416473 0.834145
0.599823 0.535235 0.099561 0.614188 0.569757 -0.89974
0.830243 0.516624 0.405663 0.527331 1.31046 0.932981
0.821016 0.482952 0.39845 0.262513 -0.139846 0.946352
0.427505 0.499582 0.481973 -0.417284 0.301748 -0.0152124
0.360086 0.65033 0.116996 -0.359826 1.34082 0.0466568
0.444164 0.457978 0.493109 -0.00670262 0.105359 1.3131
0.240618 0.500665 0.386726 0.227225 0.33576 1.37294
0.608615 0.336987 0.13247 0.919837 -0.0468679 -0.736895
0.349385 0.500251 0.101058 0.287385 0.493099 -0.896992
0.136492 0.479944 0.307148 0.784762 -0.24279 0.546737
0.696512 0.420819 0.149874 1.2239 0.19228 -0.668438
0.7012 0.585471 0.159933 1.46951 0.877141 -0.409825
0.440036 0.579857 0.428163 0.407467 0.701896 1.42015
0.153154 0.527059 0.374049 -0.0875134 1.17809 1.09393
0.668003 0.54071 0.114568 1.59586 0.833182 -0.116831
0.386592 0.354893 0.102395 0.108755 -0.0863186 -0.750916
0.160963 0.5223 0.258471 0.891997 0.682223 0.921806
0.72511 0.437473 0.246504 0.788902 -0.478119 0.64352
0.241552 0.469458 0.171399 -0.753981 0.539318 0.107887
0.203914 0.513118 0.22822 0.638412 1.11704 0.896417
0.721196 0.550758 0.282832 1.62133 0.756228 0.666951
0.874331 0.477764 0.400649 0.948088 -0.443111 0.0178297
0.498141 0.480332 0.453013 1.19249 -0.166446 0.137489
0.715539 0.41159 0.1799 1.6367 0.0768557 -0.0186438
0.414684 0.658652 0.104795 0.301548 0.996799 -0.829473
0.662786 0.445828 0.40745 1.39616 0.295866 1.07053
0.685194 0.39916 0.326 1.50788 -0.00784176 0.722919
0.595423 0.653535 0.113129 0.914505 1.05341 -0.746109
0.285944 0.425313 0.134641 -0.200195 0.218729 -0.714471
0.567119 0.675703 0.39933 1.00194 1.4661 0.830852
0.578551 0.515226 0.426356 0.707504 0.503799 1.41794
0.457636 0.505431 0.445076 -0.231244 1.08029 0.00350491
0.51361 0.514501 0.465064 0.97162 0.769075 -0.386651
0.255985 0.473436 0.364953 0.245912 -0.333507 -0.225591
0.158651 0.515531 0.265615 0.859178 1.02839 0.761843
0.535099 0.508909 0.485372 1.37152 0.625865 -0.0500843
0.502698 0.655539 0.418823 0.537164 0.789636 1.40919
0.685563 0.531209 0.13445 1.22749 0.568569 -0.705141
0.680002 0.465443 0.128231 1.24876 0.479422 -0.694153
0.110952 0.47186 0.313014 -0.0632066 -0.512838 0.319211
0.669627 0.51815 0.121241 1.33239 0.535517 0.869872
0.80839 0.457493 0.308663 1.0729 -0.485225 0.511935
0.604951 0.636072 0.109227 0.881181 0.896392 -0.815938
0.466913 0.70979 0.135578 0.378638 1.32263 -0.64968
0.793726 0.459424 0.229993 1.43167 -0.12837 -0.267526
0.410487 0.679321 0.121361 -0.00672993 1.37107 0.710783
0.725484 0.582572 0.207927 1.6872 0.806418 0.366028
0.198071 0.484811 0.22696 0.302619 -0.216362 0.932244
0.288181 0.676618 0.193969 -0.480035 1.1622 -0.223226
0.710126 0.479687 0.320051 1.65045 0.457169 0.659576
0.262531 0.471393 0.367634 0.252458 -0.33555 -0.22291
0.417726 0.32776 0.413778 0.244436 -0.0657045 1.31664
0.70537 0.379102 0.190752 1.61324 0.00132611 0.00891022
0.289093 0.57166 0.131725 -0.143564 0.801938 -0.739929
0.541044 0.509357 0.498339 1.21628 0.21509 1.1747
0.438132 0.356778 0.42147 0.362423 0.260964 1.41399
0.234069 0.472954 0.365709 0.251439 -0.245257 -0.329899
0.289479 0.477332 0.120523 -0.443347 0.51218 0.800046
0.507014 0.450228 0.497022 0.487966 0.188096 1.46187
0.146711 0.52416 0.273258 0.718335 1.30474 0.526113
0.628111 0.596289 0.104972 0.674668 0.659703 -0.891929
0.616351 0.635774 0.119922 1.11219 1.00894 0.904074
0.517722 0.448302 0.431171 0.627167 0.289343 1.41237
0.460859 0.740254 0.296558 0.264586 1.66288 0.628569
0.53375 0.659254 0.104764 0.622756 0.939726 -0.850963
0.792551 0.455823 0.30184 0.116569 -0.208074 0.621667
0.382513 0.268898 0.260162 0.0335214 -0.638146 0.495697
0.59867 0.321301 0.371652 0.986843 -0.520881 0.745886
0.0956473 0.494653 0.336436 -0.789105 0.0895858 0.566944
0.430571 0.47802 0.485535 -0.394496 -0.0572483 0.304558
0.445077 0.461675 0.482929 0.0525231 -0.0889767 -0.253741
0.127569 0.527298 0.319112 1.08337 0.814291 0.383018
0.50308 0.550833 0.484943 0.886455 1.1674 -0.202714
0.370131 0.354066 0.41463 0.0231486 -0.173968 1.18973
0.484901 0.309701 0.408349 0.503842 -0.0242542 1.35075
0.296188 0.470876 0.416637 -0.316743 0.202335 1.15974
0.507699 0.55 0.492657 0.668249 1.26692 1.17108
0.409905 0.678027 0.11561 0.0553085 1.54266 -0.240303
0.674359 0.679118 0.200315 1.42104 1.19724 -0.216839
0.228024 0.51308 0.385364 0.239837 0.744978 1.35803
0.702154 0.45222 0.334464 1.55495 0.128428 0.744221
0.101319 0.518518 0.336191 -0.76668 1.01467 0.315964
0.468445 0.754673 0.244689 0.558817 1.72538 0.467308
0.649247 0.303947 0.218773 1.20921 -0.524263 0.24131
0.790136 0.442235 0.253674 0.906934 -0.538618 0.409513
0.739773 0.485334 0.28679 0.702946 0.290923 1.26702
0.52965 0.529373 0.489711 1.31813 1.05219 0.165741
0.159199 0.515188 0.353637 0.369898 0.825717 -0.573282
0.348968 0.281559 0.254962 -0.0954626 -0.606235 0.374553
0.676048 0.602645 0.145034 1.24448 0.858397 -0.636935
0.741125 0.449642 0.199193 0.81551 -0.430528 -0.269602
0.312937 0.695302 0.186365 -0.178305 1.3424 -0.396688
0.503235 0.753945 0.191963 0.662975 1.68204 -0.144361
0.626201 0.540269 0.420444 0.733408 0.60551 1.41254
0.520427 0.53483 0.496202 0.723276 0.892408 1.40779
0.669341 0.46187 0.117404 1.601 0.312448 -0.213786
0.352567 0.681081 0.140876 0.107395 1.25796 -0.638294
0.371686 0.720873 0.170412 0.0752647 1.38329 -0.517588
0.30562 0.422265 0.11663 -0.58888 0.0390613 0.346901
0.434705 0.688063 0.12112 0.391399 1.60324 0.521832
0.10117 0.516117 0.311907 -0.775799 0.991929 0.24461
0.788652 0.443039 0.248688 1.04018 -0.484634 -0.0272801
0.721638 0.56055 0.264872 1.68546 0.788024 0.403824
0.830516 0.477457 0.338367 1.77466 0.177201 0.202548
0.65472 0.691659 0.24078 1.19392 1.50868 0.445086
0.799585 0.482224 0.368997 0.0906717 -0.136077 0.708329
0.793645 0.493295 0.36777 -0.182003 0.52269 0.585131
0.638457 0.600131 0.411878 1.2773 1.03068 1.04945
0.784827 0.534847 0.320147 0.24703 1.35263 0.525117
0.800393 0.549279 0.263558 1.48699 1.27287 0.192873
0.64125 0.594725 0.109918 1.10656 0.872117 -0.73064
0.597431 0.654248 0.115908 1.20319 1.44213 0.226825
0.303409 0.657796 0.161063 -0.265893 1.18548 -0.46937
0.343177 0.280185 0.22324 -0.101254 -0.607609 0.342831
0.585456 0.659343 0.122187 0.943928 1.38716 0.706811
0.274069 0.348357 0.236012 -0.508902 -0.266045 0.333308
0.150526 0.528457 0.370996 0.0985149 1.50648 0.572885
0.822362 0.524213 0.284994 1.77414 0.79812 0.14682
0.117215 0.529169 0.356944 0.108521 1.52896 0.338641
0.793699 0.511911 0.363306 -0.00106496 0.928717 0.804468
0.772027 0.557556 0.228301 1.22092 1.19735 -0.395527
0.6558 0.572355 0.112472 1.10996 0.695124 -0.769952
0.155531 0.476709 0.383573 0.0551842 -0.434926 0.782136
0.646195 0.59499 0.119336 1.50516 1.05138 0.351481
0.630977 0.395983 0.109357 1.00077 0.172473 -0.792473
0.631074 0.614014 0.120967 1.12691 0.987177 0.905119
0.216365 0.471462 0.208078 0.445661 -0.455294 0.505648
0.647962 0.591725 0.121175 1.20398 0.812721 -0.680079
0.567087 0.693286 0.135764 0.786298 1.31725 -0.614316
0.33466 0.316781 0.314809 -0.292146 -0.340753 0.732855
0.81558 0.532174 0.351255 0.690459 1.49777 0.579212
0.631989 0.650091 0.136169 1.12013 1.00116 -0.662871
0.129096 0.526521 0.341859 0.427486 1.32535 -0.180474
0.115691 0.529161 0.313363 0.187182 1.52615 0.283363
0.282334 0.4584 0.380906 -0.551463 0.378239 0.927127
0.833136 0.478852 0.351386 1.58719 0.0621352 -0.156303
0.824125 0.479106 0.396114 0.553061 -0.343642 0.895723
0.263016 0.567533 0.326946 -0.637714 0.775593 0.708254
0.554844 0.40343 0.425627 0.638961 0.375619 1.42169
0.588582 0.706332 0.153922 0.820679 1.3638 -0.562919
0.25766 0.605466 0.281705 -0.558559 1.04531 0.656301
0.6329 0.301594 0.280589 1.27715 -0.363258 0.658637
0.505208 0.734307 0.157496 0.616395 1.56873 -0.3823
0.186413 0.470167 0.217607 0.168177 -0.525542 0.126883
0.590267 0.715514 0.165954 1.02979 1.46304 -0.332068
0.810153 0.503599 0.396242 0.101432 0.902338 0.978241
0.707665 0.393682 0.173559 1.62882 0.0589481 -0.0249848
0.814107 0.493055 0.39909 0.242237 0.410506 1.21527
0.475679 0.728744 0.151377 0.379165 1.4819 -0.499345
0.498289 0.734533 0.307111 0.583113 1.67225 0.643993
0.843505 0.527258 0.390947 1.38315 1.34502 0.190819
0.85591 0.505163 0.371156 1.63039 0.826702 -0.173628
0.851484 0.485394 0.371419 1.55816 0.360557 -0.325022
0.233234 0.518251 0.276549 -0.67981 0.569607 0.681165
0.818765 0.527976 0.370908 0.668174 1.49284 0.586216
0.47398 0.475805 0.451136 0.197517 -0.396846 0.0485843
0.743095 0.442734 0.25706 0.566674 -0.400962 0.764064
0.87049 0.523703 0.40366 0.961823 1.50057 0.21031
0.867077 0.495985 0.385344 1.58462 0.368547 -0.299413
0.692409 0.635737 0.271068 1.53178 1.15764 0.422999
0.529412 0.487287 0.0991534 0.528079 0.486759 -0.900846
0.562782 0.745343 0.218564 0.934143 1.65789 0.0472745
0.639478 0.685369 0.167803 1.23619 1.27533 -0.376139
0.596045 0.72739 0.199341 0.994264 1.62619 0.0160942
0.720024 0.581723 0.2433 1.68635 0.793436 0.389586
0.645099 0.677719 0.299047 1.32304 1.35939 0.574217
0.891945 0.514591 0.402663 1.10873 1.0968 -0.380943
0.589593 0.730711 0.250595 0.999604 1.59359 0.546111
0.709616 0.500181 0.321411 1.64005 0.499051 0.687863
0.302295 0.473567 0.107221 -0.221225 0.390711 -0.740753
0.572866 0.742032 0.229926 0.815914 1.68906 0.439859
0.459898 0.52738 0.441377 0.188129 0.632854 1.39794
0.643972 0.572611 0.416467 1.0522 0.753826 1.31118
0.312404 0.469812 0.105156 0.13875 0.396573 -0.876924
0.312829 0.302837 0.202264 -0.344661 -0.445856 0.286911
0.704956 0.621121 0.246154 1.5952 1.02586 0.455066
0.660555 0.383256 0.356947 1.45659 -0.0453072 0.784327
0.801427 0.55118 0.301434 0.594098 1.49647 0.553323
0.12798 0.528094 0.307193 0.199471 1.52508 0.277193
0.425644 0.752228 0.197606 0.287938 1.74269 0.201218
0.241942 0.417837 0.250603 -0.689546 0.103209 0.433189
0.23778 0.529393 0.2854 -0.680129 0.557027 0.681226
0.826148 0.527536 0.326154 1.55607 1.20938 0.278227
0.295845 0.386658 0.140975 -0.234265 0.0840986 -0.651137
0.388134 0.30476 0.356681 -0.0435499 -0.495358 0.773165
0.675568 0.568292 0.133904 1.24528 0.778993 -0.660475
0.111033 0.490338 0.263451 -0.839496 0.60743 -0.0242713
0.882958 0.494883 0.394408 1.18297 -0.00813815 -0.416124
0.615915 0.29325 0.173451 1.10401 -0.459791 -0.267788
0.159304 0.524654 0.257443 0.496066 1.38815 0.632898
0.767193 0.439543 0.253927 0.88399 -0.54131 0.409767
0.501651 0.408566 0.428246 0.530785 0.271606 1.41839
0.249289 0.438327 0.297733 -0.636206 0.20926 0.701994
0.524563 0.7245 0.325188 0.620299 1.64152 0.71236
0.707766 0.378615 0.226508 1.58229 -0.0710045 0.408286
0.381648 0.660969 0.40965 0.0631996 1.22849 1.16893
0.505749 0.68037 0.412947 0.588825 1.18619 1.27158
0.226718 0.470879 0.198286 0.456014 -0.455876 0.495855
0.25897 0.47417 0.33286 -0.646977 0.349463 0.73747
0.684473 0.602495 0.151334 1.27846 0.849319 -0.614342
0.406998 0.251968 0.223776 0.164575 -0.700468 0.40843
0.643677 0.481194 0.0993453 0.665979 0.43564 -0.899368
0.228378 0.470348 0.206758 -0.757986 0.33227 0.117197
0.606583 0.631008 0.414378 0.974573 1.06853 1.23484
0.228747 0.497977 0.240097 -0.768555 0.492095 0.313278
0.474493 0.25525 0.177551 0.558224 -0.630522 -0.278956
0.262477 0.464459 0.338164 -0.673035 0.474014 0.69133
0.342527 0.679116 0.143583 -0.226775 1.2068 -0.486851
0.42283 0.506508 0.432025 0.266892 0.519102 1.41971
0.395805 0.313246 0.132068 0.249233 -0.22529 -0.697688
0.647211 0.691814 0.185514 1.13971 1.42198 -0.28809
0.461903 0.463366 0.434009 -0.106921 -0.0751142 1.05568
0.526917 0.642289 0.419736 0.564832 0.775877 1.41005
0.741677 0.529187 0.284662 0.672088 0.806636 1.24288
0.735724 0.550925 0.268181 0.511759 1.26297 0.933636
0.283557 0.494705 0.392395 -0.676421 0.432436 0.665461
0.58915 0.353446 0.415688 0.676138 0.0513292 1.36498
0.236707 0.489398 0.178518 0.31894 -0.193108 -0.547721
0.439103 0.753653 0.241954 0.176672 1.69588 0.450129
0.37992 0.418597 0.422573 0.288448 0.329245 1.41436
0.387945 0.262875 0.192927 0.137379 -0.687365 0.00783307
0.72478 0.500949 0.284192 0.450722 0.571838 1.24329
0.522247 0.739703 0.284645 0.64736 1.70311 0.521686
0.598164 0.268739 0.21612 1.16987 -0.551404 0.238883
0.262704 0.425649 0.153709 -0.451833 0.249288 -0.523296
0.658428 0.468429 0.417342 1.399 0.33558 1.07606
0.17306 0.49756 0.386342 0.187386 0.426435 1.38371
0.288959 0.606302 0.347425 -0.536207 0.995285 0.757049
0.672177 0.639096 0.314235 1.33527 1.26227 0.728924
0.596168 0.663923 0.127826 0.825138 1.06961 -0.757039
0.238227 0.529946 0.177947 -0.640155 0.102853 0.39251
0.286294 0.527401 0.126506 -0.243917 0.530474 -0.721354
0.47065 0.603567 0.426012 0.449839 0.7231 1.41862
0.565285 0.312368 0.382324 0.827004 -0.540386 0.834335
0.360935 0.283177 0.283057 -0.00847572 -0.567717 0.656574
0.230112 0.529085 0.368877 0.238611 1.51092 0.558401
0.254126 0.577355 0.162569 -0.55873 0.753075 -0.392758
0.277906 0.391417 0.15277 -0.437857 0.0860825 -0.475287
0.498038 0.756744 0.2077 0.511287 1.75562 0.253117
0.312422 0.590853 0.122901 -0.572788 0.928884 0.442491
0.310025 0.58715 0.119571 -0.550939 1.0716 -0.035496
0.522715 0.51857 0.472147 1.1535 0.533762 -0.303666
0.657414 0.407149 0.394985 1.41241 -0.152196 0.737205
0.398804 0.669336 0.112235 0.214652 1.08843 -0.776836
0.543533 0.5845 0.426152 0.627885 0.685126 1.41749
0.670448 0.416499 0.376296 1.58943 0.225713 0.721362
0.182107 0.493657 0.242689 0.929192 0.688821 0.878122
0.500906 0.319435 0.106692 0.451151 -0.00772868 -0.836965
0.185975 0.487508 0.239931 0.766552 -0.0283626 0.869858
0.485281 0.313307 0.110844 0.449132 -0.253581 -0.712158
0.262601 0.489104 0.357495 0.268384 0.247684 -0.612908
0.24657 0.49617 0.356033 0.229146 0.327776 -0.629532
0.281146 0.449259 0.373942 -0.606706 0.223921 0.775116
0.4639 0.456713 0.476201 0.0245555 -0.180197 -0.157299
0.288682 0.477238 0.403845 -0.640112 0.26121 0.704966
0.191994 0.50589 0.356756 0.280663 0.613659 -0.633458
0.664045 0.436749 0.404005 1.39742 0.286787 1.06708
0.341182 0.369071 0.411495 0.119159 0.164152 1.36476
0.193222 0.473037 0.225342 0.814939 0.13785 0.933239
0.52687 0.679938 0.411503 0.590884 1.16794 1.282
0.536251 0.293478 0.137377 0.730723 -0.198347 -0.711321
0.426387 0.25029 0.197146 0.106413 -0.67067 -0.0252225
0.273849 0.44767 0.356901 -0.614003 0.222332 0.758075
0.613783 0.640048 0.119511 1.10962 1.01321 0.903664
0.645614 0.395695 0.40199 1.25286 -0.0888422 1.03166
0.470648 0.279498 0.342371 0.449991 -0.619023 0.780815
0.76904 0.447793 0.274506 0.592619 -0.395903 0.781509
0.411922 0.444588 0.427866 0.32045 0.355236 1.41966
0.132947 0.52464 0.369481 -0.107721 1.17568 1.08936
0.719165 0.50464 0.296672 1.65949 0.482122 0.636196
0.129738 0.527414 0.34359 0.428129 1.32625 -0.178742
0.105006 0.493858 0.284795 -0.845523 0.61095 -0.00292747
0.597944 0.301488 0.327819 0.986117 -0.540694 0.702053
0.357263 0.672912 0.135082 0.105298 1.1123 -0.727153
0.135011 0.484595 0.321128 1.09765 0.272134 0.488995
0.0952189 0.498291 0.339699 -0.785972 0.573365 0.806461
0.496231 0.519604 0.450563 1.20264 1.22133 0.358015
0.275607 0.383668 0.312872 -0.478635 -0.146298 0.700501
0.464328 0.289958 0.367209 0.533446 -0.632755 0.746451
0.461379 0.517495 0.457099 -0.440568 0.933964 0.342881
0.355166 0.654207 0.126163 0.103201 1.0936 -0.736072
0.440103 0.711181 0.139677 0.351829 1.32403 -0.645581
0.83104 0.527454 0.355296 1.34466 1.38029 0.2611
0.795634 0.471632 0.341172 0.119652 -0.192265 0.660999
0.323589 0.707767 0.210764 -0.279155 1.49422 0.345655
0.512174 0.75166 0.240076 0.602547 1.72237 0.462696
0.580397 0.26651 0.181169 0.858876 -0.462665 -0.443934
0.79805 0.450225 0.246407 1.43599 -0.137569 -0.251113
0.744882 0.515752 0.183834 0.920222 0.926505 -0.710893
0.179703 0.528084 0.36651 0.143424 1.04391 -0.489415
0.458928 0.492494 0.446712 -0.457971 0.342445 0.816554
0.439053 0.552543 0.492473 0.346372 1.38124 1.04444
0.444935 0.358387 0.422092 0.380503 0.262882 1.41543
0.38948 0.662417 0.411853 0.0710317 1.22994 1.17114
0.468778 0.403081 0.427936 0.404347 0.307576 1.42128
0.511735 0.550461 0.489434 0.895109 1.16703 -0.198223
0.886464 0.491735 0.39766 1.18648 -0.0112868 -0.412873
0.303966 0.568893 0.123611 -0.128691 0.79917 -0.748043
0.255948 0.434423 0.310106 -0.629547 0.205356 0.714367
0.633692 0.609162 0.110498 1.09901 0.886553 -0.73006
0.535506 0.685382 0.115361 0.871418 1.60568 -0.0851771
0.668124 0.540786 0.115152 1.59598 0.833258 -0.116247
0.576794 0.304787 0.14053 0.783163 -0.195999 -0.70008
0.447743 0.69579 0.127147 0.40699 1.24224 -0.70935
0.2451 0.383051 0.206771 -0.686388 0.0684226 0.389358
0.462532 0.738489 0.164606 0.366018 1.49165 -0.486116
0.456277 0.689403 0.408053 0.423445 1.35703 1.15183
0.459699 0.549893 0.499576 0.297164 0.605075 1.48473
0.565053 0.298897 0.141157 0.771422 -0.201889 -0.699453
0.108326 0.518137 0.283706 -0.842203 0.635229 -0.00401653
0.693156 0.511241 0.36324 1.62359 0.51011 0.729691
0.192819 0.47569 0.226952 0.814536 0.140503 0.934849
0.34948 0.639223 0.116512 -0.370432 1.32972 0.0461729
0.527771 0.252269 0.271614 0.618394 -0.733261 0.414854
0.497044 0.518544 0.455217 1.27557 0.911769 0.944371
0.606977 0.725094 0.216573 1.07052 1.59961 0.0739046
0.485988 0.744911 0.169929 0.597176 1.57933 -0.369868
0.615089 0.300771 0.1597 1.10319 -0.45227 -0.281538
0.450876 0.499153 0.461891 -0.181835 0.321401 -0.291821
0.806814 0.453564 0.265691 1.66929 -0.0353631 0.134956
0.323535 0.702071 0.243731 -0.279209 1.48852 0.378621
0.139819 0.512185 0.304284 1.06067 0.705916 0.642661
0.135797 0.479547 0.307832 0.784067 -0.243187 0.547421
0.281557 0.533545 0.379976 -0.643799 0.586538 0.755353
0.536344 0.248644 0.241248 0.626967 -0.736886 0.384488
0.361916 0.411787 0.100914 0.299915 0.404635 -0.897137
0.501444 0.551151 0.492922 0.661995 1.26807 1.17134
0.270421 0.358189 0.187956 -0.462251 -0.19116 -0.213797
0.191707 0.481673 0.384941 0.206033 0.410547 1.38231
0.307441 0.540203 0.106766 0.0519666 0.687617 -0.848745
0.128523 0.529376 0.347097 0.121315 1.52924 0.362035
0.13913 0.526937 0.281821 0.710754 1.30752 0.534676
0.521912 0.690016 0.113857 0.857824 1.61031 -0.0866816
0.308979 0.642394 0.338557 -0.411154 1.16171 0.798686
0.743227 0.462563 0.281727 0.46333 -0.0217004 1.11067
0.331962 0.601875 0.415149 -0.0627239 0.968534 1.25764
0.596871 0.727705 0.20268 0.99509 1.62651 0.0194338
0.498652 0.271275 0.149645 0.578406 -0.622306 -0.292115
0.217516 0.528739 0.375409 0.224079 1.42217 0.824564
0.446686 0.689837 0.123309 0.405932 1.23629 -0.713187
0.521973 0.250911 0.265938 0.612597 -0.734619 0.409178
0.546324 0.320685 0.122132 0.917189 -0.593034 0.288195
0.0981973 0.498921 0.345221 -0.782993 0.573995 0.811983
0.617024 0.511426 0.42189 0.723511 0.53859 1.41583
0.203506 0.474627 0.217063 0.825223 0.13944 0.92496
0.344342 0.635882 0.123742 -0.0765934 0.925732 -0.735792
0.215757 0.497148 0.186188 -0.166084 0.423949 -0.735137
0.306957 0.539014 0.416907 -0.157282 0.686412 1.29027
0.433852 0.687427 0.408837 0.40102 1.35505 1.15261
0.755819 0.437464 0.249364 0.872616 -0.543389 0.405204
0.48441 0.60193 0.426498 0.463599 0.721463 1.41911
0.497178 0.733159 0.154067 0.608366 1.56758 -0.385729
0.595353 0.687601 0.139296 0.814563 1.31156 -0.610785
0.235409 0.56844 0.243596 -0.732941 0.771373 0.388906
0.21344 0.508364 0.357273 0.197191 0.720581 -0.619814
0.543737 0.323365 0.410035 0.639596 -0.0364342 1.33813
0.676433 0.669721 0.192355 1.42311 1.18784 -0.2248
0.55182 0.30781 0.132639 0.746292 -0.184014 -0.71606
0.491766 0.28462 0.353862 0.471109 -0.613901 0.792306
0.639812 0.609128 0.11516 1.49877 1.06552 0.347305
0.725561 0.460078 0.178188 1.54591 0.387174 -0.389006
0.74996 0.452425 0.196499 1.09879 0.287019 -0.725977
0.540093 0.492287 0.491863 1.21533 0.198021 1.16822
0.517464 0.679915 0.412207 0.581477 1.16791 1.2827
0.350335 0.605934 0.418009 0.242532 0.693905 1.40828
0.317391 0.363396 0.36646 -0.436851 -0.166569 0.754089
0.234354 0.568425 0.236584 -0.733997 0.771358 0.381893
0.669151 0.444508 0.395236 1.58813 0.253722 0.740301
0.260025 0.527005 0.378237 0.266588 1.42043 0.827392
0.212783 0.474695 0.214722 0.31733 -0.226478 0.920006
0.275349 0.512123 0.385017 0.287162 0.744021 1.35769
0.721324 0.580393 0.18724 1.61818 0.765573 -0.214453
0.291581 0.467746 0.11683 -0.624703 0.244185 -0.2155
0.809755 0.540758 0.329522 0.542828 1.41029 0.745048
0.143644 0.486204 0.297255 1.02164 0.104331 0.585872
0.158378 0.511166 0.270513 0.858905 1.02402 0.76674
0.530061 0.31498 0.118825 0.826886 -0.63345 0.0075769
0.742142 0.515135 0.288105 0.468084 0.586025 1.2472
0.49891 0.543105 0.476142 0.855844 1.13818 -0.243914
0.333218 0.444759 0.103344 0.159563 0.37152 -0.878736
0.558261 0.274019 0.162548 0.83674 -0.455156 -0.462555
0.719067 0.600211 0.222866 1.68539 0.811924 0.369152
0.482629 0.299912 0.388094 0.551747 -0.6228 0.767336
0.606482 0.673771 0.363205 1.0413 1.46416 0.794728
0.491973 0.468959 0.463344 0.463052 -0.17261 -0.303176
0.289435 0.354524 0.158339 -0.377368 -0.246809 -0.281857
0.847991 0.525723 0.396769 1.38764 1.34348 0.196642
0.735619 0.513066 0.286394 0.461561 0.583956 1.24549
0.440265 0.344 0.102023 0.467899 0.244641 -0.892645
0.307795 0.329224 0.16619 -0.167566 -0.235235 -0.508657
0.337392 0.524935 0.421634 0.211278 0.574227 1.41242
0.426536 0.531085 0.493168 -0.559229 0.58831 0.335074
0.105297 0.475912 0.320896 -0.78195 0.0175041 0.269381
0.518135 0.31732 0.108433 0.721128 -0.405724 -0.55187
0.612745 0.720935 0.209825 1.07629 1.59545 0.0671568
0.715777 0.577383 0.277966 1.6796 0.804858 0.416918
0.66129 0.559911 0.410871 1.19346 0.65558 1.25209
0.162535 0.472331 0.230035 -0.315263 -0.206081 -0.328058
0.897223 0.513992 0.404359 1.40358 0.614692 -0.452066
0.251408 0.406291 0.277747 -0.68913 0.182961 0.533699
0.403249 0.281196 0.152534 0.18561 -0.28126 -0.645135
0.423204 0.68692 0.122972 0.178032 1.2638 -0.656197
0.536561 0.475824 0.488226 1.2118 0.181558 1.16459
0.134792 0.525753 0.295023 0.738452 1.27231 0.574754
0.625904 0.28906 0.251683 1.18587 -0.53915 0.27422
0.454193 0.516296 0.440978 0.182424 0.62177 1.39754
0.503891 0.489324 0.451622 1.29066 0.289297 1.03556
0.473329 0.552535 0.498112 0.633879 1.26945 1.17653
0.443406 0.480159 0.471853 -0.172288 0.344761 -0.304412
0.684735 0.474415 0.131656 1.2535 0.488394 -0.690727
0.741865 0.564162 0.235205 0.794757 1.55058 0.0796827
0.845584 0.525895 0.390981 1.38523 1.34365 0.190854
0.688019 0.653408 0.234618 1.52739 1.17531 0.386549
0.597819 0.358067 0.10981 0.913201 -0.0397698 -0.751735
0.474315 0.242132 0.201792 0.488051 -0.610707 -0.320201
0.468621 0.459424 0.471683 0.497981 -0.223997 -0.257751
0.163103 0.497198 0.263945 0.910188 0.692361 0.899378
0.467332 0.475048 0.44635 0.667626 0.247214 1.39923
0.454183 0.555506 0.490564 0.361502 1.38421 1.04253
0.480746 0.736702 0.305491 0.56557 1.67442 0.642373
0.508135 0.691424 0.116741 0.533865 1.66661 -0.103128
0.392863 0.344491 0.105731 0.115025 -0.0967208 -0.747579
0.205667 0.472572 0.377205 0.194538 -0.417595 0.832705
0.552693 0.324168 0.111559 0.755686 -0.398876 -0.548745
0.7858 0.516666 0.209379 1.5686 0.686932 -0.389145
0.619771 0.671049 0.138431 0.969323 0.999069 -0.739189
0.855964 0.520341 0.379813 0.947297 1.49721 0.186463
0.75176 0.441723 0.219488 1.00328 -0.48595 -0.0564806
0.231877 0.538185 0.194604 -0.617944 0.42989 -0.321222
0.488843 0.470365 0.440709 0.689136 0.242531 1.39359
0.47918 0.611302 0.425259 0.458369 0.730835 1.41787
0.433417 0.500785 0.433769 0.277478 0.513379 1.42146
0.631378 0.675251 0.147945 1.22809 1.26522 -0.395998
0.180686 0.527836 0.366319 0.144406 1.04366 -0.489606
0.210217 0.488026 0.385128 0.224543 0.416901 1.38249
0.631644 0.593157 0.105121 0.907874 0.853477 -0.820044
0.564776 0.720347 0.311418 0.952494 1.55105 0.710925
0.724152 0.577038 0.192007 1.62101 0.762218 -0.209686
0.281453 0.528413 0.380446 -0.643903 0.581405 0.755823
0.631857 0.696144 0.283187 1.17106 1.51316 0.487493
0.772793 0.52529 0.308982 0.118544 0.525869 1.06526
0.369574 0.400487 0.419988 0.278102 0.311135 1.41178
0.543046 0.732878 0.300448 0.62787 1.6706 0.63733
0.477082 0.246817 0.252965 0.442454 -0.7223 0.49712
0.48323 0.303914 0.397719 0.552348 -0.618799 0.776962
0.81516 0.538711 0.317798 1.54509 1.22056 0.269871
0.728408 0.540809 0.188937 1.66358 0.594692 -0.161123
0.452087 0.287067 0.362407 0.521205 -0.635645 0.741649
0.763328 0.562869 0.234299 0.816219 1.54928 0.0787773
0.152746 0.49296 0.278505 1.03074 0.111086 0.567122
0.254867 0.422533 0.163899 -0.460896 0.117198 -0.464157
0.281407 0.432729 0.365234 -0.606446 0.207391 0.766408
0.839303 0.526929 0.37827 1.37895 1.34469 0.178143
0.827368 0.522491 0.395178 0.524456 1.31633 0.922495
0.22948 0.452968 0.221411 -0.756884 0.31489 0.13185
0.868623 0.476392 0.402848 0.94238 -0.444482 0.0200295
0.488072 0.523332 0.454343 0.497799 1.51373 0.592238
0.654936 0.456614 0.417014 1.11725 0.234015 1.27533
0.488997 0.5581 0.488524 0.649547 1.27502 1.16695
0.492361 0.528527 0.440871 0.672248 0.790415 1.38906
0.265893 0.54605 0.143468 -0.332691 0.6746 -0.64721
0.639217 0.603656 0.120748 1.13505 0.976818 0.9049
0.316576 0.688572 0.280863 -0.2453 1.4942 0.468623
0.801042 0.550602 0.283407 1.48764 1.2742 0.212722
0.72931 0.448356 0.185902 1.54044 0.301227 -0.380152
0.29401 0.542683 0.119966 -0.67987 0.723521 -0.0173532
0.715638 0.432797 0.28118 1.65582 0.248762 0.567858
0.70297 0.512437 0.144915 1.27173 0.526416 -0.677469
0.131755 0.516189 0.323936 1.05261 0.709919 0.662312
0.569234 0.381728 0.10222 0.591536 0.336175 -0.896493
0.379501 0.343717 0.411579 0.064819 -0.204005 1.18681
0.104169 0.48684 0.355414 -0.780583 0.0817729 0.585923
0.771786 0.511059 0.19524 1.38182 0.340354 -0.578528
0.775245 0.562556 0.236371 0.828136 1.54897 0.080849
0.846468 0.518939 0.364603 1.75895 0.585655 -0.0390279
0.240944 0.476503 0.361019 0.230871 -0.33044 -0.229525
0.221071 0.471736 0.366642 0.238442 -0.246475 -0.328966
0.373179 0.333054 0.125655 0.0404237 -0.0223501 -0.747822
0.580703 0.663862 0.119475 0.939175 1.39168 0.704099
0.719765 0.590923 0.231696 1.68609 0.802636 0.377982
0.583523 0.278315 0.290626 0.971696 -0.563867 0.664861
0.539757 0.29056 0.139913 0.746126 -0.210226 -0.700697
0.622923 0.628141 0.123649 0.972475 0.956161 -0.753971
0.775247 0.500701 0.311123 0.120998 0.501279 1.0674
0.140376 0.527366 0.277679 0.712 1.30795 0.530535
0.797067 0.541284 0.238068 1.44443 1.05004 -0.329458
0.269753 0.526951 0.365467 0.253575 1.34311 -0.212132
0.648645 0.684937 0.177391 1.24536 1.2749 -0.366551
0.517107 0.48562 0.468768 1.03298 0.295113 -0.366444
0.437278 0.315297 0.120761 0.201343 -0.484461 0.672778
0.666785 0.332976 0.270119 1.37352 -0.327489 0.523712
0.228402 0.543325 0.22294 -0.764247 0.613128 0.32181
0.313417 0.310233 0.26558 -0.362082 -0.419775 0.369446
0.242743 0.588039 0.265096 -0.725608 0.790972 0.410405
0.548563 0.68112 0.117672 0.884475 1.60142 -0.0828667
0.722785 0.570031 0.242098 1.6845 0.793877 0.400199
0.226784 0.527447 0.217056 -0.767339 0.564372 0.318826
0.382067 0.264978 0.190086 0.131501 -0.685262 0.00499204
0.725709 0.489432 0.174826 1.65556 0.52751 -0.19113
0.544352 0.68268 0.117778 0.880264 1.60298 -0.0827609
0.311174 0.57084 0.413777 -0.153065 0.718238 1.28714
0.731812 0.49789 0.181484 1.08064 0.332484 -0.740991
0.143017 0.526331 0.274906 0.714641 1.30691 0.527761
0.265384 0.494313 0.35132 -0.642115 0.421392 0.764996
0.547406 0.347087 0.417064 0.608696 0.0879714 1.38096
0.231422 0.565233 0.221501 -0.736929 0.768167 0.36681
0.456984 0.735655 0.307046 0.260712 1.65828 0.639058
0.309991 0.547876 0.107268 0.0545163 0.695291 -0.848243
0.354847 0.34044 0.383266 -0.217953 -0.380777 0.772814
0.485503 0.741129 0.164254 0.388988 1.49429 -0.486468
0.78755 0.491241 0.340687 -0.188099 0.520636 0.558048
0.447059 0.488387 0.467521 -0.168635 0.352989 -0.308745
0.224059 0.509738 0.357436 0.223634 0.665023 -0.630434
0.680197 0.574779 0.365143 1.52858 0.940846 0.747569
0.285672 0.503497 0.397639 -0.647866 0.591706 0.745096
0.260579 0.553837 0.328662 -0.640151 0.761898 0.70997
0.882939 0.484416 0.400897 1.18295 -0.0186054 -0.409635
0.891489 0.506342 0.40007 1.39784 0.607042 -0.456356
0.690791 0.529045 0.137729 1.23272 0.566405 -0.701863
0.166282 0.521839 0.25272 0.897316 0.681762 0.916055
0.229346 0.468449 0.23662 -0.765254 0.409004 0.321691
0.349 0.717658 0.253092 -0.212876 1.52329 0.440852
0.508733 0.513294 0.441094 0.73078 0.758354 1.38483
0.71608 0.589829 0.257621 1.6824 0.801542 0.403907
0.657776 0.573762 0.116582 1.51623 1.0044 0.395166
0.270097 0.553825 0.351152 -0.630633 0.761886 0.732459
0.324995 0.626191 0.394342 -0.330589 1.33384 0.657864
0.476987 0.309187 0.122365 0.540717 -0.504901 0.699599
0.51794 0.526857 0.472147 0.874874 1.12193 -0.247909
0.311866 0.5888 0.114498 -0.549097 1.07325 -0.0405688
0.599643 0.278274 0.181009 1.08774 -0.474766 -0.26023
0.50465 0.438383 0.492396 1.20378 -0.138341 0.915012
0.86017 0.510204 0.379446 1.60585 0.71299 -0.25525
0.663148 0.555962 0.410145 1.19531 0.65163 1.25136
0.721278 0.497742 0.290362 1.66161 0.475223 0.629887
0.393423 0.337136 0.412581 0.0787412 -0.210586 1.18781
0.236208 0.55406 0.269001 -0.732143 0.756993 0.414311
0.33195 0.63022 0.400824 -0.323634 1.33787 0.664346
0.264769 0.558752 0.146384 -0.333815 0.687302 -0.644294
0.461531 0.695184 0.397857 0.40504 1.59525 0.829928
0.442381 0.703849 0.133699 0.354106 1.31669 -0.651559
0.538043 0.492308 0.486345 1.37447 0.609264 -0.049111
0.240731 0.457568 0.171197 -0.754802 0.527428 0.107685
0.374204 0.34058 0.113968 -0.10678 -0.481428 -0.190921
0.193581 0.510377 0.386426 0.205394 0.742275 1.35909
0.123325 0.472274 0.323773 0.748604 -0.301494 0.222249
0.825433 0.522081 0.394684 0.522521 1.31592 0.922002
0.249315 0.515838 0.313144 -0.663728 0.567194 0.71776
0.848935 0.476658 0.380417 1.28927 -0.402349 0.197515
0.128861 0.529602 0.282278 -0.0852484 1.49723 0.148629
0.589347 0.659031 0.4064 0.917246 1.20217 1.17937
0.288006 0.446318 0.128351 -0.198134 0.239734 -0.720761
0.110891 0.529131 0.354988 0.103683 1.52899 0.369926
0.611671 0.379231 0.105893 1.01766 0.0312955 -0.739158
0.6934 0.397391 0.307179 1.51608 -0.00960979 0.704098
0.333943 0.319153 0.156195 -0.141418 -0.245305 -0.518652
0.432647 0.332816 0.418738 0.356939 0.237001 1.41125
0.52395 0.51162 0.499596 0.557787 0.513775 1.49902
0.595556 0.655363 0.118229 1.20131 1.44324 0.229146
0.527788 0.318832 0.109745 0.730781 -0.404212 -0.550558
0.370989 0.341237 0.406275 0.0240065 -0.186797 1.18138
0.721707 0.419692 0.238689 1.67786 0.187058 0.416618
0.800072 0.548388 0.30612 0.262274 1.36617 0.511091
0.665894 0.430053 0.127425 1.19989 0.193701 -0.684356
0.620694 0.385383 0.416984 1.08301 0.162784 1.2753
0.739632 0.560463 0.210985 0.792523 1.54688 0.0554627
0.344984 0.711421 0.267835 -0.216892 1.51705 0.455595
0.723336 0.550283 0.269901 1.68716 0.777758 0.408852
0.312104 0.30985 0.25435 -0.363395 -0.420158 0.358216
0.644788 0.555532 0.103664 1.15533 0.714368 -0.741391
0.289482 0.516259 0.117279 -0.684397 0.697097 -0.0200398
0.133569 0.527542 0.292525 0.705193 1.30813 0.54538
0.29354 0.457961 0.118013 -0.622745 0.234401 -0.214317
0.556969 0.281813 0.326043 0.945142 -0.560368 0.700278
0.288622 0.352675 0.162304 -0.444051 -0.196674 -0.239449
0.289069 0.602508 0.351249 -0.536098 0.991491 0.760873
0.391809 0.350483 0.102976 0.113971 -0.0907288 -0.750334
0.84647 0.516163 0.364148 1.75896 0.58288 -0.0394828
0.525265 0.305651 0.392824 0.786984 -0.547103 0.844836
0.720629 0.591537 0.225102 1.68695 0.80325 0.371388
0.367016 0.675592 0.133598 0.115051 1.11498 -0.728637
0.369957 0.741028 0.211928 0.107526 1.68326 0.420103
0.881021 0.51236 0.397983 1.0978 1.09457 -0.385623
0.288639 0.453968 0.389881 -0.545157 0.373807 0.936102
0.172701 0.528597 0.23607 0.473266 1.42612 0.558725
0.464563 0.249402 0.261449 0.429935 -0.719715 0.505605
0.744266 0.564765 0.247225 0.829972 1.49223 0.611192
0.63507 0.658336 0.344659 1.29816 1.28151 0.759348
0.809312 0.458081 0.310189 1.07382 -0.484637 0.513462
0.463274 0.449235 0.484206 0.264151 -0.343032 -0.0925633
0.811878 0.528012 0.366854 0.686757 1.49361 0.59481
0.357607 0.324362 0.13531 -0.0842036 -0.0807137 -0.665139
0.79949 0.463588 0.332623 0.123508 -0.200309 0.652451
0.812201 0.521448 0.245269 1.595 0.691714 -0.353255
0.0986716 0.507124 0.344797 -0.782519 0.582199 0.811559
0.435568 0.282238 0.353668 0.504686 -0.640474 0.73291
0.625846 0.296037 0.18003 1.17684 -0.415445 -0.256082
0.221679 0.470959 0.196117 0.165979 -0.52339 0.10574
0.511468 0.748753 0.181545 0.671209 1.67685 -0.154779
0.158729 0.484056 0.262216 0.739307 -0.031815 0.892142
0.25988 0.431876 0.317275 -0.625615 0.202809 0.721536
0.668407 0.538945 0.408753 1.20057 0.634614 1.24997
0.451648 0.455905 0.483741 0.0590941 -0.0947471 -0.25293
0.212547 0.471351 0.210675 0.441843 -0.455404 0.508245
0.302383 0.376243 0.140578 -0.227727 0.0736844 -0.651534
0.262674 0.632285 0.240541 -0.595056 1.12325 0.393017
0.665659 0.446214 0.114111 1.59732 0.296792 -0.21708
0.235403 0.577502 0.226774 -0.695684 0.934217 0.30313
0.463865 0.52895 0.463423 0.204011 1.15469 -0.272052
0.632177 0.68396 0.158266 1.22889 1.27393 -0.385677
0.233324 0.4908 0.179412 -0.148516 0.417601 -0.741913
0.231616 0.566 0.221723 -0.736735 0.768933 0.367033
0.528951 0.706622 0.364193 0.697201 1.60014 0.780499
0.433185 0.474715 0.483393 -0.391882 -0.0605535 0.302416
0.334011 0.455532 0.420201 0.2419 0.4042 1.41463
0.394136 0.303144 0.139544 0.176498 -0.259312 -0.658125
0.778323 0.54578 0.293082 0.383727 1.28791 0.834873
0.848302 0.498589 0.357711 1.60236 0.0818725 -0.149977
0.235308 0.496843 0.356118 0.217885 0.328449 -0.629448
0.288486 0.365441 0.313014 -0.465755 -0.164524 0.700643
0.47265 0.493128 0.5013 0.503874 0.493902 1.50081
0.446559 0.311321 0.11784 0.340469 -0.672491 -0.0265858
0.838095 0.525121 0.397221 0.687504 1.48999 0.612529
0.30608 0.588314 0.398996 -0.519086 0.977298 0.80862
0.325959 0.353924 0.365755 -0.24684 -0.367292 0.755302
0.527959 0.676678 0.41325 0.591973 1.16468 1.28374
0.579499 0.266152 0.256158 0.950516 -0.631837 0.492721
0.116098 0.473301 0.355669 -0.440713 -0.28909 0.685398
0.739445 0.471311 0.189137 1.08827 0.305906 -0.733339
0.675833 0.573309 0.135436 1.23185 0.794305 -0.665818
0.342573 0.307689 0.159705 -0.132787 -0.25677 -0.515142
0.462712 0.471759 0.461898 0.0233676 -0.165151 -0.171602
0.475086 0.726904 0.331727 0.570823 1.64393 0.718899
0.226199 0.4775 0.360165 0.231982 0.236081 -0.610239
0.240925 0.43822 0.267087 -0.699613 0.21489 0.523039
0.347552 0.361654 0.123781 0.0147963 0.0062503 -0.749696
0.336189 0.373278 0.411236 0.114165 0.168358 1.3645
0.138343 0.502266 0.324386 1.10099 0.289804 0.492252
0.128833 0.520951 0.328707 1.08463 0.807944 0.392614
0.692377 0.490705 0.365155 1.62281 0.489575 0.731607
0.705448 0.442629 0.32003 1.55824 0.118837 0.729787
0.383487 0.726014 0.29039 0.187215 1.64864 0.622402
0.77724 0.463407 0.300175 0.610352 -0.344793 0.864943
0.195847 0.514652 0.23208 0.630344 1.11858 0.900276
0.304993 0.542295 0.415309 -0.159245 0.689693 1.28867
0.712795 0.47987 0.312671 1.65312 0.457351 0.652196
0.371871 0.701388 0.33095 -0.0487192 1.49913 0.763046
0.52948 0.250229 0.256496 0.620103 -0.735301 0.399736
0.721623 0.415315 0.233418 1.67777 0.182681 0.411346
0.607976 0.683958 0.343041 1.04279 1.47435 0.774563
0.306958 0.416596 0.112393 -0.587542 0.0333927 0.342664
0.210378 0.490755 0.357598 0.192955 0.322361 -0.627967
0.487499 0.557119 0.489915 0.648049 1.27403 1.16834
0.70102 0.430495 0.150077 1.22841 0.201956 -0.668235
0.774813 0.541466 0.296434 0.380216 1.2836 0.838225
0.819134 0.463413 0.322136 1.08364 -0.479305 0.525409
0.109594 0.473575 0.34532 -0.447217 -0.288816 0.675049
0.823172 0.476151 0.290197 1.76731 0.175895 0.154378
0.699009 0.37415 0.25555 1.54426 -0.110249 0.481189
0.470333 0.540458 0.434463 0.350439 1.09479 1.25808
0.198108 0.486779 0.227204 0.710581 0.327315 1.07097
0.707812 0.377193 0.206911 1.61568 -0.000582696 0.0250694
0.365542 0.735658 0.187294 0.0691215 1.39807 -0.500706
0.497104 0.523451 0.459004 0.854037 1.11853 -0.261052
0.691942 0.366172 0.264893 1.53719 -0.118227 0.490533
0.303939 0.559245 0.11064 0.0484639 0.70666 -0.844871
0.281996 0.627321 0.154892 -0.287306 1.155 -0.475542
0.230714 0.563593 0.219076 -0.737637 0.766526 0.364385
0.736277 0.557452 0.261383 0.512312 1.2695 0.926838
0.814076 0.53118 0.354644 0.688955 1.49678 0.5826
0.777998 0.552823 0.275982 0.570668 1.49811 0.527871
0.329092 0.698524 0.275617 -0.232784 1.50416 0.463377
0.853264 0.478511 0.381936 1.2936 -0.400496 0.199033
0.689582 0.356658 0.253314 1.53483 -0.12774 0.478954
0.491308 0.523102 0.455033 0.613741 1.51356 0.391773
0.253042 0.583981 0.166252 -0.559814 0.7597 -0.389076
0.454993 0.484368 0.44496 0.00450909 0.604409 1.32964
0.515279 0.708267 0.365932 0.611015 1.62529 0.753104
0.775881 0.498709 0.311673 0.121631 0.499287 1.06795
0.569666 0.711673 0.324709 0.957383 1.54238 0.724216
0.120531 0.470116 0.323078 -0.117747 -0.499578 0.269072
0.491113 0.55198 0.49449 0.651664 1.2689 1.17291
0.811988 0.51538 0.390406 0.103267 0.914119 0.972404
0.169017 0.528183 0.225309 -0.0437954 1.48341 0.0197449
0.514563 0.274348 0.1463 0.594317 -0.619233 -0.29546
0.256456 0.456901 0.322422 -0.679056 0.466456 0.675587
0.43033 0.490175 0.480917 -0.414459 0.292341 -0.0162679
0.285517 0.613257 0.144921 -0.135418 0.903107 -0.714614
0.391242 0.34261 0.415166 0.217951 -0.0508553 1.31803
0.221935 0.522551 0.361386 0.185655 1.03838 -0.494539
0.621156 0.630839 0.119232 1.11699 1.004 0.903384
0.434405 0.738661 0.170046 0.276765 1.52035 -0.433372
0.844404 0.503554 0.353848 1.61889 0.825093 -0.190936
0.741038 0.55668 0.263812 0.517073 1.26873 0.929267
0.134509 0.505443 0.336616 0.984344 0.986405 0.552153
0.233378 0.482275 0.276724 -0.708866 0.265865 0.532348
0.441214 0.508927 0.471083 -0.13456 0.719347 -0.318986
0.722379 0.583401 0.190982 1.61923 0.76858 -0.210711
0.113412 0.471442 0.307989 -0.0290601 -0.518252 0.293593
0.652382 0.414736 0.407529 1.1147 0.192136 1.26585
0.371516 0.649853 0.108702 0.187365 1.06895 -0.780368
0.46495 0.525543 0.443015 0.193181 0.631018 1.39958
0.656778 0.438417 0.110115 0.987284 0.261953 -0.817045
0.826354 0.517665 0.299512 1.77813 0.791572 0.161338
0.541252 0.638278 0.419728 0.579168 0.771866 1.41004
0.200158 0.524211 0.20119 -0.199598 1.08726 -0.522114
0.86159 0.474956 0.404949 0.935347 -0.445919 0.0221303
0.506286 0.691778 0.118095 0.532016 1.66697 -0.101775
0.214188 0.52659 0.213335 0.608807 0.92943 1.03917
0.550104 0.697312 0.373554 0.937822 1.52802 0.773061
0.498039 0.321111 0.412497 0.539826 -0.10509 1.31616
0.846583 0.525595 0.392451 1.38623 1.34335 0.192324
0.116203 0.527885 0.290123 -0.0979065 1.49551 0.156475
0.817002 0.464001 0.293869 1.67947 -0.0249258 0.163133
0.291318 0.321747 0.202438 -0.366172 -0.426946 0.287086
0.83293 0.48832 0.331133 1.77707 0.188063 0.195313
0.110932 0.476768 0.284954 -0.402051 -0.331049 -0.00535568
0.372255 0.341067 0.120862 -0.175242 -0.281919 0.679553
0.465145 0.526795 0.442904 0.345251 1.08113 1.26652
0.235597 0.56948 0.243391 -0.732754 0.772413 0.388701
0.202689 0.513381 0.228779 0.637187 1.11731 0.896976
0.714753 0.567164 0.289156 1.61488 0.772633 0.673274
0.50662 0.504166 0.451534 1.28515 0.897391 0.940689
0.802517 0.460602 0.332822 0.126535 -0.203295 0.652649
0.655573 0.418993 0.1156 1.43736 -0.0857514 -0.250524
0.357976 0.283596 0.17215 0.0237036 -0.356059 -0.520023
0.244791 0.50891 0.386154 0.256604 0.740808 1.35882
0.250468 0.480926 0.152223 -0.464068 0.304566 -0.524781
0.495242 0.475318 0.45691 1.18959 -0.171459 0.141386
0.474241 0.476478 0.449498 0.197777 -0.396174 0.0469463
0.530551 0.52928 0.491753 1.31903 1.0521 0.167782
0.426237 0.509873 0.48735 -0.559527 0.567098 0.329256
0.346234 0.627458 0.109201 -0.0855273 1.06113 -0.681691
0.672641 0.324966 0.232938 1.37938 -0.335499 0.48653
0.256097 0.541592 0.324599 -0.652048 0.513399 0.742305
0.215427 0.507173 0.22054 0.727899 0.347709 1.06431
0.262161 0.630878 0.242188 -0.595569 1.12185 0.394663
0.39445 0.646394 0.418481 0.361882 0.768432 1.41047
0.361432 0.674254 0.134548 0.109467 1.11364 -0.727687
0.554633 0.691333 0.130501 0.773843 1.31529 -0.61958
0.133871 0.522015 0.306988 0.737531 1.26857 0.58672
0.15977 0.496582 0.268052 0.906855 0.691745 0.903486
0.701031 0.416661 0.153947 1.22842 0.188122 -0.664365
0.28274 0.463197 0.38223 -0.551057 0.383037 0.928451
0.134998 0.49061 0.33261 1.13417 0.524497 0.310216
0.475491 0.308267 0.117393 0.369402 -0.675545 -0.027033
0.258811 0.524144 0.361437 0.268929 1.35593 -0.193564
0.117624 0.529512 0.329646 0.189116 1.5265 0.299645
0.816497 0.477063 0.38715 0.257994 -0.145735 0.935052
0.107259 0.529006 0.338556 -0.76074 1.02516 0.318329
0.471624 0.461424 0.46993 0.500984 -0.221997 -0.259504
-0.9946 -0.0594454 0.085071 -0.9946 -0.0594454 0.085071
